2.600000000000000000e+01
6.099999999999999645e+00
-9.800000000000000711e+00
1.600000000000000000e+01
1.280000000000000071e+01
-2.100000000000000089e+00
1.000000000000000000e+01
-2.160000000000000142e+01
9.500000000000000000e+00
6.999999999999999556e-01
-1.070000000000000062e+00
1.200000000000000000e+01
1.380000000000000071e+01
4.500000000000000000e+00
0.000000000000000000e+00
2.200000000000000178e+00
6.099999999999999645e+00
1.030000000000000071e+01
1.509999999999999964e+01
9.199999999999999289e+00
8.000000000000000000e+00
3.299999999999999822e+00
-6.636000000000000121e+00
0.000000000000000000e+00
5.510300000000000000e+04
0.000000000000000000e+00
4.500000000000000000e+00
0.000000000000000000e+00
0.000000000000000000e+00
0.000000000000000000e+00
9.099999999999999645e+00
0.000000000000000000e+00
9.099999999999999645e+00
-4.000000000000000000e+01
-6.559999999999999609e+00
3.200000000000000178e+00
2.750000000000000000e+01
1.889999999999999858e+01
1.807000000000000028e+01
3.139999999999999858e+01
-1.385299999999999976e+01
0.000000000000000000e+00
0.000000000000000000e+00
0.000000000000000000e+00
1.058299999999999983e+02
0.000000000000000000e+00
-5.827000000000000313e+01
2.451899999999999977e+02
2.900000000000000000e+01
2.576200000000000045e+01
3.851299999999999812e+01
1.250000000000000000e+01
-4.500000000000000000e+00
4.000000000000000222e-01
-2.239999999999999858e+01
-4.004999999999999893e+00
4.291799999999999926e+01
0.000000000000000000e+00
-1.138000000000000078e+01
1.130000000000000071e+01
1.159999999999999964e+01
1.140000000000000036e+01
7.000000000000000000e+00
1.000000000000000000e+00
2.653000000000000114e+01
2.900000000000000000e+01
1.539000000000000057e+01
1.179999999999999938e+00
-5.400000000000000000e+01
-3.907999999999999829e+01
1.161999999999999922e+01
4.379999999999999893e+00
5.810000000000000142e+01
-1.525999999999999979e+01
-2.729999999999999982e+00
-1.105100000000000051e+02
0.000000000000000000e+00
9.125410000000000537e+02
-1.000000000000000000e+01
-1.050000000000000000e+01
0.000000000000000000e+00
-1.740000000000000000e+02
nan
1.821999999999999886e+01
0.000000000000000000e+00
8.669999999999999929e+00
1.550000000000000000e+01
1.114000000000000057e+01
1.489000000000000057e+01
-8.468999999999999773e+01
0.000000000000000000e+00
0.000000000000000000e+00
0.000000000000000000e+00
0.000000000000000000e+00
0.000000000000000000e+00
0.000000000000000000e+00
0.000000000000000000e+00
0.000000000000000000e+00
0.000000000000000000e+00
0.000000000000000000e+00
0.000000000000000000e+00
0.000000000000000000e+00
0.000000000000000000e+00
0.000000000000000000e+00
0.000000000000000000e+00
0.000000000000000000e+00
0.000000000000000000e+00
