5.606999874114990234e+00 3.400000184774398804e-02 9.951000213623046875e+00 0.000000000000000000e+00
6.035999774932861328e+00 1.999999955296516418e-02 1.022000026702880859e+01 0.000000000000000000e+00
5.836999893188476562e+00 2.300000004470348358e-02 1.056000041961669922e+01 1.999999955296516418e-02
8.781999588012695312e+00 1.999999955296516418e-02 1.467000007629394531e+01 0.000000000000000000e+00
4.500999927520751953e+00 1.799999922513961792e-02 8.671999931335449219e+00 0.000000000000000000e+00
5.010000228881835938e+00 2.099999971687793732e-02 1.019200038909912109e+01 1.700000022538006306e-03
6.072999954223632812e+00 1.600000075995922089e-02 1.061299991607666016e+01 9.999999776482582092e-03
5.074999809265136719e+00 2.400000020861625671e-02 1.007199954986572266e+01 2.099999925121665001e-03
3.460000038146972656e+00 2.000000029802322388e-01 7.340000152587890625e+00 0.000000000000000000e+00
6.610000133514404297e+00 2.099999971687793732e-02 1.306999969482421875e+01 0.000000000000000000e+00
4.432000160217285156e+00 1.999999955296516418e-02 8.909999847412109375e+00 0.000000000000000000e+00
7.500999927520751953e+00 2.700000070035457611e-02 1.241100025177001953e+01 5.370000004768371582e-01
7.493999958038330078e+00 2.099999971687793732e-02 1.133500003814697266e+01 1.999999955296516418e-02
8.137999534606933594e+00 2.899999916553497314e-02 1.253999996185302734e+01 1.999999955296516418e-02
7.469999790191650391e+00 2.099999971687793732e-02 1.092700004577636719e+01 8.200000226497650146e-02
7.941999912261962891e+00 2.700000070035457611e-02 1.187699985504150391e+01 6.100000068545341492e-02
6.091000080108642578e+00 2.099999971687793732e-02 1.033100032806396484e+01 0.000000000000000000e+00
8.362000465393066406e+00 1.700000092387199402e-02 1.223999977111816406e+01 0.000000000000000000e+00
5.370999813079833984e+00 1.999999955296516418e-02 9.560000419616699219e+00 1.999999955296516418e-02
6.932000160217285156e+00 2.899999916553497314e-02 1.211100006103515625e+01 7.800000160932540894e-02
6.933000087738037109e+00 2.400000020861625671e-02 1.153699970245361328e+01 4.899999871850013733e-02
6.243999958038330078e+00 2.400000020861625671e-02 9.977000236511230469e+00 4.199999943375587463e-02
7.046000003814697266e+00 1.799999922513961792e-02 1.108300018310546875e+01 7.000000029802322388e-02
5.688000202178955078e+00 2.099999971687793732e-02 9.571999549865722656e+00 0.000000000000000000e+00
6.388999938964843750e+00 1.600000075995922089e-02 1.150899982452392578e+01 1.000000047497451305e-03
7.239999771118164062e+00 2.899999916553497314e-02 1.121199989318847656e+01 0.000000000000000000e+00
6.908999919891357422e+00 2.899999916553497314e-02 1.086900043487548828e+01 2.099999925121665001e-03
5.048999786376953125e+00 2.099999971687793732e-02 8.852999687194824219e+00 0.000000000000000000e+00
7.414000034332275391e+00 1.999999955296516418e-02 1.167599964141845703e+01 9.999999776482582092e-03
4.528999805450439453e+00 0.000000000000000000e+00 8.626999855041503906e+00 5.200000107288360596e-02
4.383999824523925781e+00 3.299999982118606567e-02 1.113000011444091797e+01 0.000000000000000000e+00
8.321999549865722656e+00 2.700000070035457611e-02 1.352000045776367188e+01 0.000000000000000000e+00
7.988999843597412109e+00 2.300000004470348358e-02 1.233199977874755859e+01 1.999999955296516418e-02
6.899000167846679688e+00 2.700000070035457611e-02 1.090999984741210938e+01 7.000000029802322388e-02
5.697999954223632812e+00 1.700000092387199402e-02 1.122500038146972656e+01 0.000000000000000000e+00
8.765000343322753906e+00 2.199999988079071045e-02 1.729999923706054688e+01 0.000000000000000000e+00
8.821000099182128906e+00 2.400000020861625671e-02 1.414999961853027344e+01 5.999999865889549255e-02
5.824999809265136719e+00 2.899999916553497314e-02 9.585000038146972656e+00 0.000000000000000000e+00
7.135000228881835938e+00 2.099999971687793732e-02 1.181099987030029297e+01 0.000000000000000000e+00
5.593999862670898438e+00 1.700000092387199402e-02 1.036600017547607422e+01 0.000000000000000000e+00
4.855000019073486328e+00 1.799999922513961792e-02 9.406999588012695312e+00 0.000000000000000000e+00
4.524000167846679688e+00 1.999999955296516418e-02 9.510999679565429688e+00 0.000000000000000000e+00
5.369999885559082031e+00 1.600000075995922089e-02 1.049499988555908203e+01 0.000000000000000000e+00
4.856999874114990234e+00 2.300000004470348358e-02 9.871999740600585938e+00 0.000000000000000000e+00
3.900000095367431641e+00 0.000000000000000000e+00 7.967999935150146484e+00 0.000000000000000000e+00
4.758999824523925781e+00 2.400000020861625671e-02 9.310999870300292969e+00 0.000000000000000000e+00
4.402999877929687500e+00 3.599999845027923584e-02 9.022999763488769531e+00 0.000000000000000000e+00
3.339999914169311523e+00 5.000000074505805969e-02 7.519999980926513672e+00 8.999999612569808960e-03
