-4.910999774932861328e+00 2.199999988079071045e-01 1.593000054359436035e+00 2.380000054836273193e-01
0.000000000000000000e+00 0.000000000000000000e+00 0.000000000000000000e+00 0.000000000000000000e+00
-5.776000022888183594e+00 5.700000002980232239e-02 5.049999952316284180e-01 7.800000160932540894e-02
0.000000000000000000e+00 0.000000000000000000e+00 0.000000000000000000e+00 0.000000000000000000e+00
-5.182000160217285156e+00 1.220000013709068298e-01 7.649999856948852539e-01 9.700000286102294922e-02
-5.495999813079833984e+00 5.700000002980232239e-02 9.490000009536743164e-01 1.110000014305114746e-01
-5.456999778747558594e+00 6.199999898672103882e-02 6.679999828338623047e-01 7.000000029802322388e-02
-5.522999763488769531e+00 5.999999865889549255e-02 8.209999799728393555e-01 1.010000035166740417e-01
-4.842999935150146484e+00 1.729999929666519165e-01 1.154999971389770508e+00 1.110000014305114746e-01
-5.754000186920166016e+00 4.500000178813934326e-02 1.963000059127807617e+00 3.370000123977661133e-01
0.000000000000000000e+00 0.000000000000000000e+00 0.000000000000000000e+00 0.000000000000000000e+00
0.000000000000000000e+00 0.000000000000000000e+00 0.000000000000000000e+00 0.000000000000000000e+00
0.000000000000000000e+00 0.000000000000000000e+00 0.000000000000000000e+00 0.000000000000000000e+00
0.000000000000000000e+00 0.000000000000000000e+00 0.000000000000000000e+00 0.000000000000000000e+00
0.000000000000000000e+00 0.000000000000000000e+00 0.000000000000000000e+00 0.000000000000000000e+00
0.000000000000000000e+00 0.000000000000000000e+00 0.000000000000000000e+00 0.000000000000000000e+00
-5.256000041961669922e+00 9.300000220537185669e-02 7.850000262260437012e-01 8.799999952316284180e-02
0.000000000000000000e+00 0.000000000000000000e+00 0.000000000000000000e+00 0.000000000000000000e+00
0.000000000000000000e+00 0.000000000000000000e+00 0.000000000000000000e+00 0.000000000000000000e+00
0.000000000000000000e+00 0.000000000000000000e+00 0.000000000000000000e+00 0.000000000000000000e+00
0.000000000000000000e+00 0.000000000000000000e+00 0.000000000000000000e+00 0.000000000000000000e+00
0.000000000000000000e+00 0.000000000000000000e+00 0.000000000000000000e+00 0.000000000000000000e+00
0.000000000000000000e+00 0.000000000000000000e+00 0.000000000000000000e+00 0.000000000000000000e+00
0.000000000000000000e+00 0.000000000000000000e+00 0.000000000000000000e+00 0.000000000000000000e+00
-5.914999961853027344e+00 4.899999871850013733e-02 5.709999799728393555e-01 1.230000033974647522e-01
0.000000000000000000e+00 0.000000000000000000e+00 0.000000000000000000e+00 0.000000000000000000e+00
-5.612999916076660156e+00 1.250000000000000000e-01 3.829999864101409912e-01 7.800000160932540894e-02
-5.938000202178955078e+00 1.080000028014183044e-01 2.860000133514404297e-01 5.999999865889549255e-02
-5.044000148773193359e+00 0.000000000000000000e+00 3.720000088214874268e-01 6.740000247955322266e-01
-3.994999885559082031e+00 3.889999985694885254e-01 8.637000083923339844e+00 3.230000138282775879e-01
-5.002999782562255859e+00 9.150000214576721191e-01 1.126500034332275391e+01 9.640999794006347656e+00
0.000000000000000000e+00 0.000000000000000000e+00 0.000000000000000000e+00 0.000000000000000000e+00
-4.856999874114990234e+00 3.630000054836273193e-01 1.569000005722045898e+00 3.429999947547912598e-01
0.000000000000000000e+00 0.000000000000000000e+00 0.000000000000000000e+00 0.000000000000000000e+00
-4.078000068664550781e+00 8.370000123977661133e-01 2.206800079345703125e+01 2.173000097274780273e+00
0.000000000000000000e+00 0.000000000000000000e+00 0.000000000000000000e+00 0.000000000000000000e+00
0.000000000000000000e+00 0.000000000000000000e+00 0.000000000000000000e+00 0.000000000000000000e+00
-4.751999855041503906e+00 1.739999949932098389e-01 1.539000034332275391e+00 1.280000060796737671e-01
-5.480000019073486328e+00 1.059999987483024597e-01 7.030000090599060059e-01 1.350000053644180298e-01
-5.296000003814697266e+00 4.899999871850013733e-02 9.679999947547912598e-01 6.599999964237213135e-02
-4.885000228881835938e+00 2.800000011920928955e-01 1.633000016212463379e+00 2.939999997615814209e-01
-5.690999984741210938e+00 2.039999961853027344e-01 6.869999766349792480e-01 3.659999966621398926e-01
-4.427999973297119141e+00 1.059999942779541016e+00 7.277999877929687500e+00 1.973000049591064453e+00
-5.573999881744384766e+00 6.499999761581420898e-02 7.649999856948852539e-01 1.099999994039535522e-01
-4.598999977111816406e+00 2.549999952316284180e-01 2.049999952316284180e+00 1.840000003576278687e-01
-5.177999973297119141e+00 8.299999684095382690e-02 1.001000046730041504e+00 9.099999815225601196e-02
-4.737999916076660156e+00 0.000000000000000000e+00 3.201999902725219727e+00 0.000000000000000000e+00
0.000000000000000000e+00 0.000000000000000000e+00 0.000000000000000000e+00 0.000000000000000000e+00
