7.424597618880000027e-01 1.161795592090000048e-03 5.842929817879999947e-06 1.370946806149999991e-07 -1.293270782579999945e-01 6.791200181470000326e-04 -5.233369330170000389e+00 1.018309191469999979e-02
3.032621384359999728e-01 1.337121321469999906e-04 3.038833514599999861e-06 6.488254357529999596e-08 -5.181818069489999568e-01 1.913561173540000008e-04 -5.517293092510000108e+00 9.266392441820000755e-03
5.150784044970000419e-01 3.396873148470000089e-03 2.130946897980000153e-06 1.908111440579999921e-07 -2.881266582429999890e-01 2.862171920950000014e-03 -5.671427372530000177e+00 3.886161433669999693e-02
5.970075687739999637e-01 1.128965052669999997e-01 8.310369900720000196e-07 5.282540140190000453e-07 -2.240201629140000095e-01 8.207112580910000399e-02 -6.080379645019999835e+00 2.758748946480000241e-01
4.884698013539999772e-01 3.152188005439999900e-04 3.635569960079999989e-06 1.108326962840000023e-07 -3.111622804829999867e-01 2.800684076210000124e-04 -5.439427493720000228e+00 1.323077006229999956e-02
6.868595033909999925e-01 1.029619378889999950e-03 2.219886529100000144e-06 8.357208941989999442e-08 -1.631320884749999922e-01 6.505767310929999820e-04 -5.653669224219999734e+00 1.633880215620000034e-02
5.104392790009999459e-01 2.343138753229999892e-03 2.707496342579999865e-06 8.592866684679999411e-08 -2.920559134460000150e-01 1.992249148399999944e-03 -5.567432121370000431e+00 1.377399512049999955e-02
6.294822904269999908e-01 9.681582113069999969e-04 2.102074200859999928e-06 7.474357128330000574e-08 -2.010164836309999981e-01 6.675019616870000311e-04 -5.677351957930000026e+00 1.543176255319999961e-02
5.802268889430000076e-01 1.042299645319999995e-04 6.900541061939999915e-06 9.128006416070000528e-08 -2.364021489410000065e-01 7.796226867260000644e-05 -5.161116855490000432e+00 5.740933571749999922e-03
1.086288327339999915e+00 4.715346432929999887e-01 1.107751196370000086e-06 1.339056160480000040e-06 3.594511287140000205e-02 1.883901631250000097e-01 -5.955557772259999716e+00 5.246217522049999582e-01
1.884892073770000065e-01 1.277537421349999938e-05 6.842202480269999376e-08 1.070200340420000020e-07 -7.247135118290000122e-01 2.941554312750000111e-05 -7.164804077950000405e+00 6.788266630260000323e-01
4.218140000000000001e+00 3.271224702999999887e-03 2.915959283489999912e-05 6.999818374960000289e-06 6.251209898699999767e-01 3.365728783539999824e-04 -4.535218544510000171e+00 1.041825649600000014e-01
0.000000000000000000e+00 0.000000000000000000e+00 0.000000000000000000e+00 0.000000000000000000e+00 0.000000000000000000e+00 0.000000000000000000e+00 0.000000000000000000e+00 0.000000000000000000e+00
0.000000000000000000e+00 0.000000000000000000e+00 0.000000000000000000e+00 0.000000000000000000e+00 0.000000000000000000e+00 0.000000000000000000e+00 0.000000000000000000e+00 0.000000000000000000e+00
0.000000000000000000e+00 0.000000000000000000e+00 0.000000000000000000e+00 0.000000000000000000e+00 0.000000000000000000e+00 0.000000000000000000e+00 0.000000000000000000e+00 0.000000000000000000e+00
0.000000000000000000e+00 0.000000000000000000e+00 0.000000000000000000e+00 0.000000000000000000e+00 0.000000000000000000e+00 0.000000000000000000e+00 0.000000000000000000e+00 0.000000000000000000e+00
2.463097250850000197e+00 1.174828915079999996e-03 4.327505961699999791e-05 2.411545127430000110e-06 3.914815594939999865e-01 2.070059348920000113e-04 -4.363762325149999732e+00 2.418507552769999860e-02
2.985816956969999936e+00 1.241922238660000087e-03 3.142059610890000150e-05 2.859127798310000201e-06 4.750631801429999745e-01 1.805181829120000082e-04 -4.502785579820000272e+00 3.949197717840000066e-02
1.719459999999999988e+00 6.743056268090000379e-04 4.054537888190000103e-05 2.866529444269999879e-06 2.353920772320000077e-01 1.701979935769999956e-04 -4.392058636899999868e+00 3.068349126629999965e-02
3.176996291130000039e+00 1.141406439779999935e-03 5.122403902729999675e-05 3.045755753780000060e-06 5.020167078270000305e-01 1.559241338270000120e-04 -4.290526180299999659e+00 2.580542304429999864e-02
0.000000000000000000e+00 0.000000000000000000e+00 0.000000000000000000e+00 0.000000000000000000e+00 0.000000000000000000e+00 0.000000000000000000e+00 0.000000000000000000e+00 0.000000000000000000e+00
0.000000000000000000e+00 0.000000000000000000e+00 0.000000000000000000e+00 0.000000000000000000e+00 0.000000000000000000e+00 0.000000000000000000e+00 0.000000000000000000e+00 0.000000000000000000e+00
4.963952701170000203e-01 3.151140129659999942e-03 3.526630562980000122e-06 2.281514082549999970e-07 -3.041723653110000036e-01 2.755052069599999830e-03 -5.452640033059999780e+00 2.807714315810000069e-02
0.000000000000000000e+00 0.000000000000000000e+00 0.000000000000000000e+00 0.000000000000000000e+00 0.000000000000000000e+00 0.000000000000000000e+00 0.000000000000000000e+00 0.000000000000000000e+00
0.000000000000000000e+00 0.000000000000000000e+00 0.000000000000000000e+00 0.000000000000000000e+00 0.000000000000000000e+00 0.000000000000000000e+00 0.000000000000000000e+00 0.000000000000000000e+00
0.000000000000000000e+00 0.000000000000000000e+00 0.000000000000000000e+00 0.000000000000000000e+00 0.000000000000000000e+00 0.000000000000000000e+00 0.000000000000000000e+00 0.000000000000000000e+00
0.000000000000000000e+00 0.000000000000000000e+00 0.000000000000000000e+00 0.000000000000000000e+00 0.000000000000000000e+00 0.000000000000000000e+00 0.000000000000000000e+00 0.000000000000000000e+00
0.000000000000000000e+00 0.000000000000000000e+00 0.000000000000000000e+00 0.000000000000000000e+00 0.000000000000000000e+00 0.000000000000000000e+00 0.000000000000000000e+00 0.000000000000000000e+00
0.000000000000000000e+00 0.000000000000000000e+00 0.000000000000000000e+00 0.000000000000000000e+00 0.000000000000000000e+00 0.000000000000000000e+00 0.000000000000000000e+00 0.000000000000000000e+00
9.386895749150000468e-01 8.911687860000000200e-04 1.323920406639999982e-05 1.585006392119999969e-06 -2.747800538099999870e-02 4.120289214449999928e-04 -4.878138123650000324e+00 5.195877114110000056e-02
0.000000000000000000e+00 0.000000000000000000e+00 0.000000000000000000e+00 0.000000000000000000e+00 0.000000000000000000e+00 0.000000000000000000e+00 0.000000000000000000e+00 0.000000000000000000e+00
0.000000000000000000e+00 0.000000000000000000e+00 0.000000000000000000e+00 0.000000000000000000e+00 0.000000000000000000e+00 0.000000000000000000e+00 0.000000000000000000e+00 0.000000000000000000e+00
0.000000000000000000e+00 0.000000000000000000e+00 0.000000000000000000e+00 0.000000000000000000e+00 0.000000000000000000e+00 0.000000000000000000e+00 0.000000000000000000e+00 0.000000000000000000e+00
0.000000000000000000e+00 0.000000000000000000e+00 0.000000000000000000e+00 0.000000000000000000e+00 0.000000000000000000e+00 0.000000000000000000e+00 0.000000000000000000e+00 0.000000000000000000e+00
1.048502906970000037e+00 4.998684053429999747e-05 9.312441290150000689e-06 3.447700340479999811e-07 2.056963888340000018e-02 2.069072832099999967e-05 -5.030936452219999744e+00 1.606777322020000107e-02
4.714591104300000168e+00 1.138202212229999901e-03 2.626602256939999838e-05 5.619109511790000103e-06 6.734440324179999937e-01 1.047767980680000056e-04 -4.580605686900000251e+00 9.284593895690000653e-02
0.000000000000000000e+00 0.000000000000000000e+00 0.000000000000000000e+00 0.000000000000000000e+00 0.000000000000000000e+00 0.000000000000000000e+00 0.000000000000000000e+00 0.000000000000000000e+00
3.630768579739999780e+00 1.474074154260000087e-03 3.208460891119999895e-05 2.974607375550000131e-06 5.599985684539999786e-01 1.762018616440000080e-04 -4.493703250080000267e+00 4.023672548300000207e-02
2.122007789460000016e+00 4.709157421350000194e-04 3.777754996250000033e-05 9.123223923119999813e-07 3.267469737750000047e-01 9.631323367500000169e-05 -4.422766211379999923e+00 1.048103751190000016e-02
3.070829999999999949e+00 4.576225463179999843e-04 4.508155751210000039e-05 5.100022159479999913e-06 4.872557747280000240e-01 6.467573428100000335e-05 -4.346001088030000403e+00 4.909789588840000191e-02
1.412341784589999927e+00 1.925451726510000062e-03 2.149815322660000066e-05 6.737831948690000399e-07 1.499398080469999950e-01 5.916740964690000385e-04 -4.667598846039999749e+00 1.360218728979999993e-02
0.000000000000000000e+00 0.000000000000000000e+00 0.000000000000000000e+00 0.000000000000000000e+00 0.000000000000000000e+00 0.000000000000000000e+00 0.000000000000000000e+00 0.000000000000000000e+00
0.000000000000000000e+00 0.000000000000000000e+00 0.000000000000000000e+00 0.000000000000000000e+00 0.000000000000000000e+00 0.000000000000000000e+00 0.000000000000000000e+00 0.000000000000000000e+00
0.000000000000000000e+00 0.000000000000000000e+00 0.000000000000000000e+00 0.000000000000000000e+00 0.000000000000000000e+00 0.000000000000000000e+00 0.000000000000000000e+00 0.000000000000000000e+00
8.428300802449999463e-01 1.404742779530000069e-02 1.560484028280000090e-06 1.653043239709999938e-07 -7.425997300299999604e-02 7.233467108089999993e-03 -5.806740672030000106e+00 4.597424600519999655e-02
6.388646193570000076e-01 6.028956159360000094e-02 7.024921985070000380e-06 1.180802143169999966e-06 -1.945911626479999990e-01 4.095651713810000150e-02 -5.153358494429999936e+00 7.295001015299999725e-02
3.729130312889999965e-01 8.002247036899999208e-03 2.498937668249999835e-06 2.634442536749999776e-07 -4.283924401359999745e-01 9.313096949210000405e-03 -5.602244576480000404e+00 4.575336453869999903e-02
4.474042222260000146e-01 2.864485208330000117e-04 4.390509717169999649e-06 6.816802237139999793e-08 -3.492999217120000277e-01 2.778665284440000240e-04 -5.357485057319999910e+00 6.738379736070000160e-03
0.000000000000000000e+00 0.000000000000000000e+00 0.000000000000000000e+00 0.000000000000000000e+00 0.000000000000000000e+00 0.000000000000000000e+00 0.000000000000000000e+00 0.000000000000000000e+00
0.000000000000000000e+00 0.000000000000000000e+00 0.000000000000000000e+00 0.000000000000000000e+00 0.000000000000000000e+00 0.000000000000000000e+00 0.000000000000000000e+00 0.000000000000000000e+00
7.254420000000000313e-01 9.525576043019999828e-01 6.468301565099999899e-06 1.238662786580000048e-05 -1.393973042280000074e-01 5.698732638410000106e-01 -5.189209740619999955e+00 8.310986183390000059e-01
2.987850870159999950e+00 7.934916107430000200e-04 1.944116188100000127e-05 7.267726377420000403e-07 4.753589171450000039e-01 1.152585500510000006e-04 -4.711277783469999925e+00 1.622430422170000053e-02
3.097316650379999814e+00 2.539470612200000164e-04 4.249732436319999894e-05 7.780126695419999819e-07 4.909856071920000176e-01 3.558338943350000249e-05 -4.371638412320000278e+00 7.945382530340000179e-03
3.022684984880000147e+00 5.366855233599999796e-05 1.388378345229999923e-05 8.724107384580000238e-07 4.803928886739999848e-01 7.705782054810000135e-06 -4.857492168710000335e+00 2.727111538380000075e-02
0.000000000000000000e+00 0.000000000000000000e+00 0.000000000000000000e+00 0.000000000000000000e+00 0.000000000000000000e+00 0.000000000000000000e+00 0.000000000000000000e+00 0.000000000000000000e+00
7.539062777880000121e-01 4.792517801460000060e-02 2.605368369840000035e-06 3.353894426420000214e-07 -1.226826402970000035e-01 2.758900923249999956e-02 -5.584130863660000443e+00 5.586888203280000048e-02
7.299423416929999853e-01 3.291539111629999742e-04 6.043576602589999607e-06 2.547927247669999824e-07 -1.367114435419999885e-01 1.957042211210000048e-04 -5.218705968820000152e+00 1.829711937490000051e-02
0.000000000000000000e+00 0.000000000000000000e+00 0.000000000000000000e+00 0.000000000000000000e+00 0.000000000000000000e+00 0.000000000000000000e+00 0.000000000000000000e+00 0.000000000000000000e+00
0.000000000000000000e+00 0.000000000000000000e+00 0.000000000000000000e+00 0.000000000000000000e+00 0.000000000000000000e+00 0.000000000000000000e+00 0.000000000000000000e+00 0.000000000000000000e+00
3.955511340000000153e+00 7.528793438580000429e-04 5.894268122029999691e-05 3.589666762300000054e-06 5.972026339239999704e-01 8.260616824179999615e-05 -4.229570112590000264e+00 2.643102320059999982e-02
3.283403306509999897e+00 2.355269872390000033e-04 3.061862144009999909e-05 3.018751409349999974e-06 5.163242312010000168e-01 3.113193930789999919e-05 -4.514014366689999669e+00 4.278893203019999703e-02
4.552470859219999610e+00 2.983738130790000134e-04 7.442304668369999871e-05 1.455082904399999957e-06 6.582471745169999888e-01 2.844482455370000114e-05 -4.128292555079999815e+00 8.485355123819999373e-03
0.000000000000000000e+00 0.000000000000000000e+00 0.000000000000000000e+00 0.000000000000000000e+00 0.000000000000000000e+00 0.000000000000000000e+00 0.000000000000000000e+00 0.000000000000000000e+00
0.000000000000000000e+00 0.000000000000000000e+00 0.000000000000000000e+00 0.000000000000000000e+00 0.000000000000000000e+00 0.000000000000000000e+00 0.000000000000000000e+00 0.000000000000000000e+00
3.618618318419999924e-01 4.238144272340000002e-05 -1.369964366600000105e-07 2.655163745780000235e-07 -4.414572226240000008e-01 5.083030185390000218e-05 0.000000000000000000e+00 -8.411467434920000263e-01
0.000000000000000000e+00 0.000000000000000000e+00 0.000000000000000000e+00 0.000000000000000000e+00 0.000000000000000000e+00 0.000000000000000000e+00 0.000000000000000000e+00 0.000000000000000000e+00
0.000000000000000000e+00 0.000000000000000000e+00 0.000000000000000000e+00 0.000000000000000000e+00 0.000000000000000000e+00 0.000000000000000000e+00 0.000000000000000000e+00 0.000000000000000000e+00
7.365863494650000121e-01 1.564312838019999985e-01 2.208164094210000084e-06 8.335194428460000462e-07 -1.327763338209999866e-01 9.217001811040000103e-02 -5.655968656229999780e+00 1.638227155059999995e-01
0.000000000000000000e+00 0.000000000000000000e+00 0.000000000000000000e+00 0.000000000000000000e+00 0.000000000000000000e+00 0.000000000000000000e+00 0.000000000000000000e+00 0.000000000000000000e+00
6.962363866230000253e-01 1.321709375900000051e-03 9.687433771910000099e-06 1.722906671380000111e-07 -1.572432834120000011e-01 8.238895297060000499e-04 -5.013791253529999992e+00 7.718674656109999685e-03
0.000000000000000000e+00 0.000000000000000000e+00 0.000000000000000000e+00 0.000000000000000000e+00 0.000000000000000000e+00 0.000000000000000000e+00 0.000000000000000000e+00 0.000000000000000000e+00
0.000000000000000000e+00 0.000000000000000000e+00 0.000000000000000000e+00 0.000000000000000000e+00 0.000000000000000000e+00 0.000000000000000000e+00 0.000000000000000000e+00 0.000000000000000000e+00
5.246611687940000435e-01 5.760030527069999809e-03 2.420910162979999963e-06 1.137054590110000021e-07 -2.801210776020000015e-01 4.764700338879999768e-03 -5.616021326400000291e+00 2.038413897609999900e-02
6.250621119270000081e-01 1.962679175180000006e-03 3.058359411840000091e-06 2.036482811310000097e-07 -2.040768250130000072e-01 1.362748990499999943e-03 -5.514511478570000236e+00 2.889894290009999839e-02
7.755717979470000412e-01 4.856945429989999868e-04 5.200284545519999613e-06 9.866232161019999416e-08 -1.103779915210000018e-01 2.717884175519999957e-04 -5.283972892289999557e+00 8.234058579679999143e-03
6.452092813099999935e-01 2.105300334580000043e-03 2.331598486350000003e-06 1.361899763929999904e-07 -1.902993939289999992e-01 1.416130194770000078e-03 -5.632346235290000003e+00 2.535018361889999905e-02
0.000000000000000000e+00 0.000000000000000000e+00 0.000000000000000000e+00 0.000000000000000000e+00 0.000000000000000000e+00 0.000000000000000000e+00 0.000000000000000000e+00 0.000000000000000000e+00
0.000000000000000000e+00 0.000000000000000000e+00 0.000000000000000000e+00 0.000000000000000000e+00 0.000000000000000000e+00 0.000000000000000000e+00 0.000000000000000000e+00 0.000000000000000000e+00
0.000000000000000000e+00 0.000000000000000000e+00 0.000000000000000000e+00 0.000000000000000000e+00 0.000000000000000000e+00 0.000000000000000000e+00 0.000000000000000000e+00 0.000000000000000000e+00
2.644949034090000151e+00 9.102640130639999202e-03 1.365807544829999919e-05 5.304010202810000360e-07 4.224173079679999776e-01 1.493618881040000013e-03 -4.864610492529999775e+00 1.685406144320000105e-02
4.657682125259999806e-01 9.949532176219999177e-03 5.981685723229999759e-06 2.569121683590000041e-07 -3.318301542639999768e-01 9.270913833009999938e-03 -5.223176408469999643e+00 1.864021050710000169e-02
0.000000000000000000e+00 0.000000000000000000e+00 0.000000000000000000e+00 0.000000000000000000e+00 0.000000000000000000e+00 0.000000000000000000e+00 0.000000000000000000e+00 0.000000000000000000e+00
0.000000000000000000e+00 0.000000000000000000e+00 0.000000000000000000e+00 0.000000000000000000e+00 0.000000000000000000e+00 0.000000000000000000e+00 0.000000000000000000e+00 0.000000000000000000e+00
6.081359421430000411e-01 7.639242276740000137e-04 2.041471470309999991e-06 7.391415585169999532e-08 -2.159993280899999979e-01 5.451792795580000326e-04 -5.690056684990000058e+00 1.571354001569999839e-02
0.000000000000000000e+00 0.000000000000000000e+00 0.000000000000000000e+00 0.000000000000000000e+00 0.000000000000000000e+00 0.000000000000000000e+00 0.000000000000000000e+00 0.000000000000000000e+00
8.447234989299999830e-01 1.282932251699999955e-04 9.607337550339999403e-06 1.434614265089999917e-07 -7.328542423379999504e-02 6.591418351039999733e-05 -5.017396950250000209e+00 6.480698609630000141e-03
6.047618372009999632e-01 9.217696318929999647e-04 3.041162783879999879e-06 1.128066767550000000e-07 -2.184156222950000004e-01 6.614968002830000490e-04 -5.516960332820000090e+00 1.609847982189999832e-02
0.000000000000000000e+00 0.000000000000000000e+00 0.000000000000000000e+00 0.000000000000000000e+00 0.000000000000000000e+00 0.000000000000000000e+00 0.000000000000000000e+00 0.000000000000000000e+00
0.000000000000000000e+00 0.000000000000000000e+00 0.000000000000000000e+00 0.000000000000000000e+00 0.000000000000000000e+00 0.000000000000000000e+00 0.000000000000000000e+00 0.000000000000000000e+00
4.340432734729999797e-01 1.330001677650000059e-04 2.943599143240000045e-06 5.512908712390000257e-07 -3.624669698110000171e-01 1.329869078449999985e-04 -5.531121332149999681e+00 8.128152865759999401e-02
0.000000000000000000e+00 0.000000000000000000e+00 0.000000000000000000e+00 0.000000000000000000e+00 0.000000000000000000e+00 0.000000000000000000e+00 0.000000000000000000e+00 0.000000000000000000e+00
0.000000000000000000e+00 0.000000000000000000e+00 0.000000000000000000e+00 0.000000000000000000e+00 0.000000000000000000e+00 0.000000000000000000e+00 0.000000000000000000e+00 0.000000000000000000e+00
0.000000000000000000e+00 0.000000000000000000e+00 0.000000000000000000e+00 0.000000000000000000e+00 0.000000000000000000e+00 0.000000000000000000e+00 0.000000000000000000e+00 0.000000000000000000e+00
0.000000000000000000e+00 0.000000000000000000e+00 0.000000000000000000e+00 0.000000000000000000e+00 0.000000000000000000e+00 0.000000000000000000e+00 0.000000000000000000e+00 0.000000000000000000e+00
0.000000000000000000e+00 0.000000000000000000e+00 0.000000000000000000e+00 0.000000000000000000e+00 0.000000000000000000e+00 0.000000000000000000e+00 0.000000000000000000e+00 0.000000000000000000e+00
0.000000000000000000e+00 0.000000000000000000e+00 0.000000000000000000e+00 0.000000000000000000e+00 0.000000000000000000e+00 0.000000000000000000e+00 0.000000000000000000e+00 0.000000000000000000e+00
0.000000000000000000e+00 0.000000000000000000e+00 0.000000000000000000e+00 0.000000000000000000e+00 0.000000000000000000e+00 0.000000000000000000e+00 0.000000000000000000e+00 0.000000000000000000e+00
0.000000000000000000e+00 0.000000000000000000e+00 0.000000000000000000e+00 0.000000000000000000e+00 0.000000000000000000e+00 0.000000000000000000e+00 0.000000000000000000e+00 0.000000000000000000e+00
0.000000000000000000e+00 0.000000000000000000e+00 0.000000000000000000e+00 0.000000000000000000e+00 0.000000000000000000e+00 0.000000000000000000e+00 0.000000000000000000e+00 0.000000000000000000e+00
0.000000000000000000e+00 0.000000000000000000e+00 0.000000000000000000e+00 0.000000000000000000e+00 0.000000000000000000e+00 0.000000000000000000e+00 0.000000000000000000e+00 0.000000000000000000e+00
0.000000000000000000e+00 0.000000000000000000e+00 0.000000000000000000e+00 0.000000000000000000e+00 0.000000000000000000e+00 0.000000000000000000e+00 0.000000000000000000e+00 0.000000000000000000e+00
0.000000000000000000e+00 0.000000000000000000e+00 0.000000000000000000e+00 0.000000000000000000e+00 0.000000000000000000e+00 0.000000000000000000e+00 0.000000000000000000e+00 0.000000000000000000e+00
0.000000000000000000e+00 0.000000000000000000e+00 0.000000000000000000e+00 0.000000000000000000e+00 0.000000000000000000e+00 0.000000000000000000e+00 0.000000000000000000e+00 0.000000000000000000e+00
0.000000000000000000e+00 0.000000000000000000e+00 0.000000000000000000e+00 0.000000000000000000e+00 0.000000000000000000e+00 0.000000000000000000e+00 0.000000000000000000e+00 0.000000000000000000e+00
0.000000000000000000e+00 0.000000000000000000e+00 0.000000000000000000e+00 0.000000000000000000e+00 0.000000000000000000e+00 0.000000000000000000e+00 0.000000000000000000e+00 0.000000000000000000e+00
0.000000000000000000e+00 0.000000000000000000e+00 0.000000000000000000e+00 0.000000000000000000e+00 0.000000000000000000e+00 0.000000000000000000e+00 0.000000000000000000e+00 0.000000000000000000e+00
0.000000000000000000e+00 0.000000000000000000e+00 0.000000000000000000e+00 0.000000000000000000e+00 0.000000000000000000e+00 0.000000000000000000e+00 0.000000000000000000e+00 0.000000000000000000e+00
