0.000000000000000000e+00 0.000000000000000000e+00 0.000000000000000000e+00 0.000000000000000000e+00
0.000000000000000000e+00 0.000000000000000000e+00 0.000000000000000000e+00 0.000000000000000000e+00
2.159219999999999917e+00 5.391165913270000269e-04 4.047001516829999663e-05 1.115418482770000016e-08
1.974250000000000060e+00 4.797312007489999697e-03 3.663698560160000154e-05 9.925516236819999745e-08
1.947100000000000053e+00 1.044371101160000009e-02 3.607446017420000195e-05 2.160777182219999972e-07
2.061290000000000067e+00 5.703007369180000327e-03 3.844078630890000167e-05 1.179937684960000043e-07
2.131110000000000060e+00 5.147251207479999584e-03 3.988746518749999734e-05 1.064953151989999945e-07
1.886689999999999978e+00 2.364838310899999938e-03 3.482258220689999977e-05 4.892790174079999869e-08
2.074170000000000069e+00 2.452197215140000143e-03 3.870755802450000140e-05 5.073533519760000328e-08
2.165290000000000159e+00 4.636653737389999884e-03 4.059577015450000197e-05 9.593118371940000044e-08
1.988560000000000105e+00 2.620457012149999838e-03 3.693355452470000296e-05 5.421658750009999709e-08
1.977810000000000068e+00 2.153083599459999949e-03 3.671085856560000240e-05 4.454675074760000254e-08
2.118020000000000014e+00 2.407206562409999924e-03 3.961625180560000007e-05 4.980449006299999899e-08
2.008770000000000167e+00 8.980417362540000711e-03 3.735234091100000220e-05 1.858025456880000002e-07
1.945459999999999967e+00 9.131929573249999987e-02 3.604034481729999849e-05 1.889372947000000086e-06
2.056200000000000028e+00 9.225216933229999847e-03 3.833522385920000100e-05 1.908673863940000042e-07
