-1.124379999999999935e+00 3.948549999999999977e-02
-1.121299999999999963e+00 3.936490000000000128e-02
0.000000000000000000e+00 0.000000000000000000e+00
-9.423399999999999554e-01 2.501280000000000170e-02
-8.655220000000000136e-01 2.458449999999999872e-02
-1.035549999999999971e+00 2.454689999999999997e-02
-1.129040000000000044e+00 2.475060000000000107e-02
-8.505390000000000450e-01 2.370730000000000059e-02
-1.068480000000000096e+00 2.439540000000000111e-02
-1.209260000000000002e+00 2.499530000000000154e-02
-9.852159999999999807e-01 2.394829999999999876e-02
-8.828799999999999981e-01 2.395819999999999894e-02
-1.076980000000000048e+00 2.510429999999999953e-02
-1.017260000000000053e+00 2.424269999999999897e-02
-8.112470000000000514e-01 2.645039999999999891e-02
-9.252080000000000304e-01 2.419699999999999976e-02
