0.000000000000000000e+00 0.000000000000000000e+00 0.000000000000000000e+00 0.000000000000000000e+00
0.000000000000000000e+00 0.000000000000000000e+00 0.000000000000000000e+00 0.000000000000000000e+00
0.000000000000000000e+00 0.000000000000000000e+00 0.000000000000000000e+00 0.000000000000000000e+00
0.000000000000000000e+00 0.000000000000000000e+00 0.000000000000000000e+00 0.000000000000000000e+00
0.000000000000000000e+00 0.000000000000000000e+00 0.000000000000000000e+00 0.000000000000000000e+00
1.072549999999999892e+00 6.101609277870000403e-01 1.069099367289999932e-06 1.102956532359999952e-06
1.199740000000000029e+00 4.297304184869999766e+00 1.299386544099999969e-06 7.768015791250000289e-06
1.136980000000000102e+00 1.679659378450000133e+02 1.185764352909999903e-06 3.036233883950000163e-04
1.357310000000000016e+00 1.325523632599999946e+00 1.584675823640000004e-06 2.396080907180000120e-06
1.054349999999999898e+00 1.707694145530000096e+00 1.036150293749999951e-06 3.086910890740000115e-06
1.462739999999999929e+00 3.209806203129999869e+00 1.775560560959999897e-06 5.802201612940000352e-06
9.878590000000000426e-01 1.194695335000000025e+00 9.157716010680000016e-07 2.159589321309999820e-06
0.000000000000000000e+00 0.000000000000000000e+00 0.000000000000000000e+00 0.000000000000000000e+00
0.000000000000000000e+00 0.000000000000000000e+00 0.000000000000000000e+00 0.000000000000000000e+00
0.000000000000000000e+00 0.000000000000000000e+00 0.000000000000000000e+00 0.000000000000000000e+00
0.000000000000000000e+00 0.000000000000000000e+00 0.000000000000000000e+00 0.000000000000000000e+00
