0.000000000000000000e+00 0.000000000000000000e+00
0.000000000000000000e+00 0.000000000000000000e+00
0.000000000000000000e+00 0.000000000000000000e+00
0.000000000000000000e+00 0.000000000000000000e+00
0.000000000000000000e+00 0.000000000000000000e+00
-1.553889999999999993e-01 8.664940000000000142e-02
-1.624329999999999941e-01 8.797760000000000302e-02
-2.283940000000000137e-01 8.820079999999999587e-02
-1.967359999999999942e-01 8.731600000000000472e-02
-1.021829999999999961e-01 8.600170000000000037e-02
-1.095359999999999945e-01 8.582639999999999714e-02
-2.005409999999999970e-01 8.846569999999999434e-02
0.000000000000000000e+00 0.000000000000000000e+00
0.000000000000000000e+00 0.000000000000000000e+00
0.000000000000000000e+00 0.000000000000000000e+00
0.000000000000000000e+00 0.000000000000000000e+00
