-6.978332996368408203e-03 5.198012292385101318e-02
7.563889026641845703e-03 5.163559690117835999e-02
-9.041011333465576172e-03 5.171184614300727844e-02
1.746964454650878906e-02 5.177077651023864746e-02
-4.794338345527648926e-02 5.239028856158256531e-02
4.333837032318115234e-01 3.743104934692382812e+00
-6.257241964340209961e-02 5.261721834540367126e-02
-1.162832677364349365e-01 5.284210667014122009e-02
-2.886128425598144531e-02 5.313654989004135132e-02
-8.970826864242553711e-03 5.252826213836669922e-02
-7.616287469863891602e-02 5.616147816181182861e-02
9.105086326599121094e-03 5.121939629316329956e-02
2.153623104095458984e-02 5.279712006449699402e-02
-4.905584454536437988e-02 5.314127728343009949e-02
-1.352870464324951172e-02 5.204273387789726257e-02
-7.846438884735107422e-02 5.368126928806304932e-02
-2.257609367370605469e-02 5.209451913833618164e-02
1.316073536872863770e-02 5.215459316968917847e-02
1.687842607498168945e-02 5.189233645796775818e-02
-8.179657459259033203e-01 5.776801332831382751e-02
-7.034449279308319092e-02 6.021457165479660034e-02
-1.005348861217498779e-01 6.179295852780342102e-02
-9.416358172893524170e-02 5.539943277835845947e-02
-4.418216645717620850e-02 5.284809321165084839e-02
-6.369782984256744385e-02 5.203263089060783386e-02
-8.660838007926940918e-02 5.362031236290931702e-02
-6.662568449974060059e-02 5.273589864373207092e-02
-3.021907806396484375e-02 6.001491472125053406e-02
-8.998334407806396484e-03 5.195074900984764099e-02
3.168243169784545898e-02 5.121754854917526245e-02
2.272993326187133789e-02 5.117664113640785217e-02
-1.177451014518737793e-02 5.256763845682144165e-02
2.803999185562133789e-02 5.133588984608650208e-02
4.193055629730224609e-02 5.159855261445045471e-02
1.685827970504760742e-02 5.182154849171638489e-02
7.637441158294677734e-04 5.299241095781326294e-02
-3.458350896835327148e-03 5.141984298825263977e-02
-6.864577531814575195e-03 5.181207135319709778e-02
2.724531292915344238e-02 5.164067819714546204e-02
-3.384590148925781250e-03 5.517733097076416016e-02
-2.901369333267211914e-02 5.189278721809387207e-02
-6.899467110633850098e-02 5.246160179376602173e-02
-1.185886263847351074e-01 5.290614441037178040e-02
-5.850464105606079102e-03 5.209609866142272949e-02
-3.702178597450256348e-02 5.294080078601837158e-02
-1.852300763130187988e-02 5.238422378897666931e-02
2.016133069992065430e-02 5.205212533473968506e-02
-6.493450701236724854e-02 5.263802781701087952e-02
-9.061783552169799805e-03 5.350621044635772705e-02
-6.919868290424346924e-02 5.318433418869972229e-02
3.586530685424804688e-03 5.264355614781379700e-02
-4.134002327919006348e-01 5.457797646522521973e-02
4.971474409103393555e-03 5.194752290844917297e-02
-1.153288185596466064e-01 5.264887586236000061e-02
-8.265779912471771240e-02 5.263582989573478699e-02
2.037024497985839844e-02 5.183039978146553040e-02
-2.320688962936401367e-02 5.288457125425338745e-02
-1.031534075736999512e-01 5.290577560663223267e-02
-8.234569430351257324e-02 5.269309878349304199e-02
-7.194830477237701416e-02 5.269639194011688232e-02
-6.923086643218994141e-01 5.708856508135795593e-02
-4.516908526420593262e-02 5.298969894647598267e-02
1.939564943313598633e-03 5.218167975544929504e-02
-2.080009579658508301e-01 5.370486900210380554e-02
-8.824348449707031250e-03 5.231260508298873901e-02
-6.237486004829406738e-02 5.380449444055557251e-02
-7.245962321758270264e-02 5.369798466563224792e-02
-4.359951615333557129e-02 5.260573700070381165e-02
-3.167986869812011719e-05 5.214799940586090088e-02
1.979544758796691895e-02 5.263914912939071655e-02
-4.041518270969390869e-02 5.234659090638160706e-02
-2.731668949127197266e-02 5.215698108077049255e-02
3.131544589996337891e-02 5.163728073239326477e-02
3.068739175796508789e-02 5.289211869239807129e-02
-4.294194281101226807e-02 5.230645090341567993e-02
-6.698592007160186768e-02 5.236964300274848938e-02
-4.240185022354125977e-02 5.259033292531967163e-02
-5.099028348922729492e-03 5.256265401840209961e-02
1.728898286819458008e-02 5.181485414505004883e-02
4.058012366294860840e-02 5.158459767699241638e-02
-1.156964302062988281e-01 5.263686552643775940e-02
-4.067450761795043945e-03 5.219188705086708069e-02
3.461626172065734863e-02 5.223054811358451843e-02
-1.515324413776397705e-01 5.591682344675064087e-02
-1.454053819179534912e-01 5.328874662518501282e-02
4.082351922988891602e-03 5.817465484142303467e-02
-3.384774923324584961e-02 5.231520906090736389e-02
-9.749233722686767578e-03 5.227750912308692932e-02
1.236701011657714844e-02 5.333940684795379639e-02
-1.507776528596878052e-01 5.550926551222801208e-02
-1.710653305053710938e-03 5.499169230461120605e-02
2.359056472778320312e-02 5.357002466917037964e-02
5.142614245414733887e-02 5.217383801937103271e-02
-1.206454634666442871e-01 5.925667658448219299e-02
2.388539910316467285e-02 5.195678770542144775e-02
1.801908016204833984e-02 5.177797004580497742e-02
4.029273986816406250e-04 5.473468080163002014e-02
4.751387238502502441e-02 5.217652767896652222e-02
1.705059409141540527e-02 5.225900560617446899e-02
-2.179604768753051758e-02 5.232051759958267212e-02
-6.217634677886962891e-02 5.208271369338035583e-02
-2.115467190742492676e-02 5.213740840554237366e-02
-2.065459936857223511e-01 5.356511846184730530e-02
6.710731983184814453e-02 5.178433284163475037e-02
2.810311317443847656e-02 5.219292268157005310e-02
4.647052288055419922e-02 5.274752154946327209e-02
1.826623082160949707e-02 5.211206898093223572e-02
-4.127138853073120117e-02 5.316735059022903442e-02
-1.320581734180450439e-01 5.321857333183288574e-02
4.770785570144653320e-03 5.215127393603324890e-02
-7.166005671024322510e-02 5.300532281398773193e-02
-3.611081838607788086e-02 5.276827514171600342e-02
-1.877427101135253906e-01 5.425081402063369751e-02
-7.127255201339721680e-03 5.257069692015647888e-02
-2.566221356391906738e-02 5.273706465959548950e-02
-3.711587190628051758e-02 5.255075916647911072e-02
-4.020929336547851562e-02 5.305197089910507202e-02
-4.536157846450805664e-02 5.289912223815917969e-02
-5.076479911804199219e-02 5.328676849603652954e-02
-8.589437603950500488e-02 5.297964066267013550e-02
-5.897787213325500488e-02 5.219226330518722534e-02
2.340367436408996582e-02 5.221411213278770447e-02
1.640212535858154297e-02 5.194969102740287781e-02
-8.122409880161285400e-02 5.286638811230659485e-02
-4.594278335571289062e-02 5.603183060884475708e-02
1.497215032577514648e-02 5.156224966049194336e-02
