7.631390000000000118e-01 3.633487506599999972e-01 2.726558241839999930e-06 2.454219939900000200e-06
8.193190000000000195e-01 6.657745748150000198e-01 3.048899894980000156e-06 4.059668897879999897e-06
7.272210000000000063e-01 1.079282299159999958e+00 2.520475720820000169e-06 6.306270151300000343e-06
7.499890000000000168e-01 8.845151475560000254e-01 2.651112408980000206e-06 5.225900122369999697e-06
7.275449999999999973e-01 3.030387797009999939e+00 2.522337850469999791e-06 1.740401835860000133e-05
0.000000000000000000e+00 0.000000000000000000e+00 0.000000000000000000e+00 0.000000000000000000e+00
6.997010000000000174e-01 1.127119361829999944e+00 2.362578754150000062e-06 6.566942362780000353e-06
8.660259999999999625e-01 1.264098598969999987e+00 3.316888565659999900e-06 7.388453324240000171e-06
7.238430000000000142e-01 7.489877499279999906e-01 2.501092131029999802e-06 4.465335537190000393e-06
9.257360000000000033e-01 1.230667560959999962e+00 3.659481434470000011e-06 7.221246304390000055e-06
0.000000000000000000e+00 0.000000000000000000e+00 0.000000000000000000e+00 0.000000000000000000e+00
8.998239999999999572e-01 1.980874888160000014e+00 3.510804488979999854e-06 1.144901800769999966e-05
7.328409999999999647e-01 6.996345045330000234e-01 2.552723907679999892e-06 4.198704451950000260e-06
7.675130000000000008e-01 1.442231331189999910e+00 2.751655440449999792e-06 8.364621966829999735e-06
5.976660000000000306e-01 1.895507724940000083e+00 1.777139555809999943e-06 1.090766019850000060e-05
9.549279999999999990e-01 5.286724345959999738e+00 3.826972558200000292e-06 3.032783848989999934e-05
6.893770000000000175e-01 5.831152815820000335e+00 2.303339776040000190e-06 3.342465320580000049e-05
7.221739999999999826e-01 1.374632734570000014e+00 2.491519861259999871e-06 7.970734844590000330e-06
5.719180000000000375e-01 1.342113477040000058e+00 1.629403421840000073e-06 7.752353492920000547e-06
1.450569999999999915e+00 4.867446713919999723e+01 6.670791994049999627e-06 2.788422225880000179e-04
0.000000000000000000e+00 0.000000000000000000e+00 0.000000000000000000e+00 0.000000000000000000e+00
0.000000000000000000e+00 0.000000000000000000e+00 0.000000000000000000e+00 0.000000000000000000e+00
0.000000000000000000e+00 0.000000000000000000e+00 0.000000000000000000e+00 0.000000000000000000e+00
4.207259999999999889e-01 5.297286361150000289e+00 7.619211763139999976e-07 3.035500369949999919e-05
8.644389999999999574e-01 5.585349748879999687e+00 3.307783110760000149e-06 3.202916331010000241e-05
0.000000000000000000e+00 0.000000000000000000e+00 0.000000000000000000e+00 0.000000000000000000e+00
5.870490000000000430e-01 1.229345141870000102e+00 1.716221754119999907e-06 7.115568618849999666e-06
0.000000000000000000e+00 0.000000000000000000e+00 0.000000000000000000e+00 0.000000000000000000e+00
7.712959999999999816e-01 3.482004808429999820e-01 2.773361134990000076e-06 2.388281403399999930e-06
5.742840000000000167e-01 4.990897925789999912e-01 1.642980039830000062e-06 3.028301898890000157e-06
6.514919999999999600e-01 2.986974877249999882e-01 2.085973330730000145e-06 2.045602095769999989e-06
7.639329999999999732e-01 2.665469739859999798e+00 2.731113876190000005e-06 1.532451861019999882e-05
5.217549999999999688e-01 6.634231587529999530e-01 1.341587943730000086e-06 3.909151060039999981e-06
6.542320000000000357e-01 7.990370841880000130e-01 2.101694561220000075e-06 4.713600199940000368e-06
5.676400000000000334e-01 6.638449560179999764e-01 1.604857851340000056e-06 3.929024285959999924e-06
4.212359999999999993e-01 2.392368744470000141e+00 7.648509953599999935e-07 1.372574620980000055e-05
5.721399999999999819e-01 5.511030556279999937e-01 1.630677672540000034e-06 3.310042279959999846e-06
6.422170000000000378e-01 4.129330882660000035e-01 2.032757803410000127e-06 2.611362125239999835e-06
6.095920000000000227e-01 3.902562428540000128e-01 1.845562646269999991e-06 2.471690223249999856e-06
0.000000000000000000e+00 0.000000000000000000e+00 0.000000000000000000e+00 0.000000000000000000e+00
6.502360000000000362e-01 2.234578291029999941e-01 2.078766598300000084e-06 1.700226381110000066e-06
7.597859999999999614e-01 3.939489721419999757e-01 2.707318971369999872e-06 2.601848020610000027e-06
7.122579999999999467e-01 1.278770356799999952e+00 2.434624875190000159e-06 7.426066345639999599e-06
7.791029999999999900e-01 2.783989064140000025e-01 2.818155527230000049e-06 2.074096782540000177e-06
6.591970000000000329e-01 1.513348466220000077e+00 2.130178818070000054e-06 8.742982409589999964e-06
6.304279999999999884e-01 5.581826728259999815e-01 1.965113421719999943e-06 3.377390055139999807e-06
7.155679999999999819e-01 4.531765798749999852e-01 2.453616545680000046e-06 2.869977071289999931e-06
8.737430000000000474e-01 8.680212485410000456e-01 3.361166212649999893e-06 5.187850126839999659e-06
8.007119999999999793e-01 1.046765618320000035e+00 2.942139504999999799e-06 6.148908543530000244e-06
7.878399999999999848e-01 7.668332793040000261e-01 2.868283236630000122e-06 4.592692591819999892e-06
8.285730000000000040e-01 1.202002323180000110e+00 3.101995042199999856e-06 7.027768491899999634e-06
1.148419999999999996e+00 6.645239140359999741e-01 4.937158523869999745e-06 4.266887842059999911e-06
6.852489999999999970e-01 5.574288870910000249e-01 2.279658069549999883e-06 3.402561391519999945e-06
7.884719999999999507e-01 7.123113943650000168e-01 2.871909003120000139e-06 4.295243329060000345e-06
9.039239999999999498e-01 7.344599917880000328e-01 3.534330932499999906e-06 4.476352499420000219e-06
6.958100000000000396e-01 4.991992646460000072e-01 2.340252691719999898e-06 3.098138187060000176e-06
6.898349999999999760e-01 1.857218642319999891e+00 2.305968302860000204e-06 1.070457810489999977e-05
7.480210000000000470e-01 2.979507677179999980e-01 2.639817199049999866e-06 2.131008478739999806e-06
8.639839999999999742e-01 3.201161498630000213e-01 3.305170999410000018e-06 2.346185416259999849e-06
8.460119999999999862e-01 2.086365869850000110e-01 3.202051081459999996e-06 1.867025393709999931e-06
1.206990000000000007e+00 2.892845551359999878e-01 5.273224876200000359e-06 2.615452543720000131e-06
7.468939999999999468e-01 2.135974710309999913e-01 2.633353608529999862e-06 1.766506300809999958e-06
6.844259999999999788e-01 2.855937542059999723e-01 2.274932124720000112e-06 2.013496970590000049e-06
8.623260000000000369e-01 3.019200066450000164e-01 3.295659261680000146e-06 2.263910284130000154e-06
7.382769999999999611e-01 3.140738940059999984e-01 2.583908850999999969e-06 2.196635099530000179e-06
7.774569999999999537e-01 5.287359411209999749e+00 2.808709451380000132e-06 3.031753732180000061e-05
7.034449999999999870e-01 2.512891699189999883e+00 2.384057026059999936e-06 1.444538215210000014e-05
8.313479999999999759e-01 4.208012001820000125e-01 3.117914968249999995e-06 2.792942984939999941e-06
6.932650000000000201e-01 5.156117238349999798e-01 2.325651816929999976e-06 3.183599771310000098e-06
5.634580000000000144e-01 7.358782167859999612e-01 1.580865276919999975e-06 4.328155333469999932e-06
5.918510000000000160e-01 5.452078757730000058e-01 1.743773407189999999e-06 3.287454780749999971e-06
6.675699999999999967e-01 8.017574385989999497e-01 2.178221079050000013e-06 4.733855646229999880e-06
6.183170000000000055e-01 4.303341618279999947e-01 1.895624351810000068e-06 2.686620536830000165e-06
5.810840000000000449e-01 9.030302311019999806e-01 1.681998923250000038e-06 5.270497373600000320e-06
7.618749999999999689e-01 5.781180356270000376e-01 2.719306708849999824e-06 3.557130047560000211e-06
7.334220000000000184e-01 7.408940422549999960e-01 2.556055905699999887e-06 4.425141727090000271e-06
9.671370000000000244e-01 1.452806514369999968e+00 3.897023173909999908e-06 8.480765631910000237e-06
8.463359999999999772e-01 1.026292853209999967e+00 3.203911843150000022e-06 6.051684618550000423e-06
8.786519999999999886e-01 1.167466009239999991e+00 3.389332077809999919e-06 6.851214255450000103e-06
6.546480000000000077e-01 3.443725641279999916e-01 2.104079249930000149e-06 2.271494974409999903e-06
6.336810000000000498e-01 9.166541456929999665e-01 1.983780544729999789e-06 5.363516283250000362e-06
8.341589999999999838e-01 1.216201986860000028e+00 3.134043165540000197e-06 7.109280827709999818e-06
6.917740000000000000e-01 1.029903361669999962e+00 2.317094228269999841e-06 6.017728058490000014e-06
0.000000000000000000e+00 0.000000000000000000e+00 0.000000000000000000e+00 0.000000000000000000e+00
8.071639999999999926e-01 1.310308308109999986e+00 2.979157069290000164e-06 7.630358451540000426e-06
0.000000000000000000e+00 0.000000000000000000e+00 0.000000000000000000e+00 0.000000000000000000e+00
8.192180000000000017e-01 9.198625169599999873e-01 3.048317487849999797e-06 5.449919147380000377e-06
8.561039999999999761e-01 1.520044812789999922e+00 3.259959038699999867e-06 8.827596262980000365e-06
8.857779999999999543e-01 1.985806765239999994e+00 3.430217194760000000e-06 1.147401661170000071e-05
1.091990000000000016e+00 1.349858416370000036e+00 4.613384621149999968e-06 7.947437330179999606e-06
9.164459999999999829e-01 5.913599507829999880e+00 3.606175622069999825e-06 3.391143887020000230e-05
4.632310000000000039e-01 1.701455612099999959e+00 1.005801680320000074e-06 9.781600745449999941e-06
6.962789999999999813e-01 1.470959243950000106e+00 2.342941750569999900e-06 8.510383797029999643e-06
0.000000000000000000e+00 0.000000000000000000e+00 0.000000000000000000e+00 0.000000000000000000e+00
7.719519999999999715e-01 6.040028137640000017e-01 2.777127458930000172e-06 3.701322333919999805e-06
7.642020000000000479e-01 2.221046865040000040e-01 2.732657272170000059e-06 1.820457906910000064e-06
7.157310000000000061e-01 1.880582662489999946e+00 2.454553253320000062e-06 1.084222494589999993e-05
7.284110000000000307e-01 6.970369412089999495e-01 2.527301135620000079e-06 4.182375963360000140e-06
7.461879999999999624e-01 2.487727735849999955e-01 2.629298645949999993e-06 1.910853018199999967e-06
7.713649999999999674e-01 2.189125539310000090e-01 2.773756474179999899e-06 1.816068175629999951e-06
7.693349999999999911e-01 2.025061381759999946e-01 2.762109357650000112e-06 1.750034300909999989e-06
6.841019999999999879e-01 2.935813625529999915e-01 2.273077860809999862e-06 2.050552903069999912e-06
7.454140000000000210e-01 5.263005021329999478e-01 2.624858945840000137e-06 3.272153521689999864e-06
6.351930000000000076e-01 4.579523783850000251e-01 1.992455093589999982e-06 2.842735019780000017e-06
6.889659999999999673e-01 4.430404092640000124e-01 2.300982446439999874e-06 2.799278760209999861e-06
8.438849999999999962e-01 2.810007464699999957e+00 3.189847548960000082e-06 1.616060002629999938e-05
6.623269999999999991e-01 1.504795881319999973e+00 2.148141443910000011e-06 8.695058573579999404e-06
7.586929999999999508e-01 5.051565153410000342e-01 2.701049972540000088e-06 3.169575321980000025e-06
8.236430000000000140e-01 7.708158122739999785e-01 3.073708454949999824e-06 4.631670286429999717e-06
7.177219999999999711e-01 6.258837136839999760e-01 2.465972947219999862e-06 3.789569294400000191e-06
7.687789999999999901e-01 2.702089948839999867e+00 2.758917575090000085e-06 1.553420679229999994e-05
8.005459999999999798e-01 5.695679488660000400e-01 2.941188433830000142e-06 3.535143378059999851e-06
8.479550000000000143e-01 1.300239294140000057e+00 3.213201972059999956e-06 7.585866120810000243e-06
7.797009999999999774e-01 6.264283313280000209e-01 2.821587728000000178e-06 3.826006024380000284e-06
6.377669999999999728e-01 7.879763470540000370e+00 2.007223200970000013e-06 4.515260497530000324e-05
7.276240000000000485e-01 2.106372145419999953e+01 2.522790643800000017e-06 1.206699335709999989e-04
5.928430000000000089e-01 1.321723658069999985e+01 1.749463418780000038e-06 7.572191475809999942e-05
7.369809999999999972e-01 7.406989245949999745e-01 2.576473327979999902e-06 4.425694884659999928e-06
8.802720000000000544e-01 2.137755540210000138e+00 3.398626652579999952e-06 1.233643706099999982e-05
5.567530000000000534e-01 1.593316974469999980e+00 1.542393233769999917e-06 9.178776038150000013e-06
7.561719999999999553e-01 4.424621386240000231e-01 2.686588287230000155e-06 2.843610241510000190e-06
8.015750000000000375e-01 3.780821724080000168e-01 2.947092530479999940e-06 2.558706901449999913e-06
6.642299999999999871e-01 1.445112321729999927e+00 2.159054652219999908e-06 8.356638737180000406e-06
9.104330000000000478e-01 8.071922984079999974e-01 3.571676122169999968e-06 4.873371515390000133e-06
0.000000000000000000e+00 0.000000000000000000e+00 0.000000000000000000e+00 0.000000000000000000e+00
8.540560000000000374e-01 6.477189357020000093e-01 3.248209325500000088e-06 3.982767010520000072e-06
