-3.133207559585571289e-03 6.771817058324813843e-02
-4.501533508300781250e-02 7.029163092374801636e-02
-1.398971676826477051e-02 6.787364184856414795e-02
-5.431440472602844238e-02 6.777393072843551636e-02
-5.077826976776123047e-02 6.699337810277938843e-02
-1.878949701786041260e-01 6.953509151935577393e-02
-9.436905384063720703e-04 6.751946359872817993e-02
-3.517991304397583008e-02 6.820888072252273560e-02
-3.619039058685302734e-02 6.768634915351867676e-02
-1.677999794483184814e-01 6.848791986703872681e-02
-1.108258962631225586e-02 6.655417382717132568e-02
-5.372872948646545410e-02 6.843730807304382324e-02
-4.872706532478332520e-02 6.761400401592254639e-02
5.542069673538208008e-03 7.668170332908630371e-02
-3.776150941848754883e-02 6.802418828010559082e-02
-5.430205166339874268e-02 7.274638861417770386e-02
-7.605853676795959473e-02 6.833389401435852051e-02
-6.507715582847595215e-02 6.733056902885437012e-02
-2.303004264831542969e-03 6.799817830324172974e-02
-4.661962389945983887e-02 6.711291521787643433e-02
5.596570670604705811e-02 6.626783311367034912e-02
-6.184458732604980469e-03 6.674172729253768921e-02
-1.353830099105834961e-03 6.854951381683349609e-02
-1.064419746398925781e-02 6.697564572095870972e-02
-3.869700431823730469e-02 6.894127279520034790e-02
-1.094245910644531250e-02 6.832237541675567627e-02
-5.664455890655517578e-02 6.766622513532638550e-02
3.400266170501708984e-02 6.703825294971466064e-02
-6.851372122764587402e-02 6.836566329002380371e-02
-3.333932161331176758e-02 6.766509264707565308e-02
-7.336398959159851074e-02 6.930199265480041504e-02
-4.735687375068664551e-02 6.735577434301376343e-02
-1.705306768417358398e-02 6.732992827892303467e-02
-8.796395361423492432e-02 6.772527843713760376e-02
-4.015994071960449219e-02 6.746376305818557739e-02
-2.911689877510070801e-02 6.785306334495544434e-02
-1.392269134521484375e-02 6.798155605792999268e-02
-1.218136250972747803e-01 6.923654675483703613e-02
-1.402755528688430786e-01 6.982395052909851074e-02
-8.193930983543395996e-02 7.080008089542388916e-02
-9.535619616508483887e-02 6.922852247953414917e-02
-1.016238927841186523e-01 6.903511285781860352e-02
-2.062034606933593750e-02 6.841857731342315674e-02
-1.522429585456848145e-01 7.019373774528503418e-02
-2.829387485980987549e-01 7.024848461151123047e-02
-7.243657112121582031e-02 6.819376349449157715e-02
3.648972511291503906e-02 6.784851849079132080e-02
-3.784945607185363770e-02 6.944912672042846680e-02
-6.613230705261230469e-02 7.201945781707763672e-02
-3.377676010131835938e-02 6.795629113912582397e-02
2.331808209419250488e-02 6.940632313489913940e-02
-1.277682185173034668e-02 6.890351325273513794e-02
4.781711101531982422e-02 6.856796145439147949e-02
1.688343286514282227e-02 6.628531962633132935e-02
-1.151860952377319336e-01 6.928288936614990234e-02
5.331987142562866211e-02 6.798195838928222656e-02
-6.690296530723571777e-02 6.799867004156112671e-02
-5.462223291397094727e-02 6.737166643142700195e-02
6.084150075912475586e-01 4.567917436361312866e-02
-1.107513904571533203e-03 6.760975718498229980e-02
-1.175495833158493042e-01 6.863622367382049561e-02
1.183403581380844116e-01 7.119183242321014404e-02
-1.592348963022232056e-01 7.117681205272674561e-02
7.216118276119232178e-02 6.871377676725387573e-02
-7.546725869178771973e-02 7.665389031171798706e-02
-4.925382137298583984e-02 7.106380909681320190e-02
-5.756020545959472656e-03 6.936984509229660034e-02
4.776489734649658203e-02 6.695976853370666504e-02
-1.908665895462036133e-02 7.058612257242202759e-02
7.305085659027099609e-02 6.877141445875167847e-02
-5.775183439254760742e-03 6.920593231916427612e-02
-5.629311501979827881e-02 7.412465661764144897e-02
-1.087282598018646240e-01 7.637870311737060547e-02
3.267958760261535645e-02 7.026511430740356445e-02
4.141837358474731445e-02 6.759598106145858765e-02
4.738208651542663574e-02 6.718710809946060181e-02
2.319645881652832031e-02 7.868106663227081299e-02
-7.658603787422180176e-02 6.731934100389480591e-02
-2.275207638740539551e-02 6.754074245691299438e-02
-2.927374839782714844e-02 8.774839341640472412e-02
7.452964782714843750e-04 6.973155587911605835e-02
-2.136522531509399414e-02 6.862425804138183594e-02
-2.372956275939941406e-02 7.562816888093948364e-02
2.502083778381347656e-03 8.172162622213363647e-02
-1.091786026954650879e-01 7.820370048284530640e-02
-4.087221622467041016e-02 6.954533606767654419e-02
1.457509398460388184e-02 6.700167059898376465e-02
-1.488767117261886597e-01 9.960580617189407349e-02
-6.040146946907043457e-02 7.870889455080032349e-02
2.530297636985778809e-02 6.898133456707000732e-02
2.615213394165039062e-02 6.808396428823471069e-02
8.123832941055297852e-02 6.818418204784393311e-02
-2.628237009048461914e-03 6.932976096868515015e-02
2.277672290802001953e-02 6.714864820241928101e-02
2.020704746246337891e-02 6.808642297983169556e-02
