1.043069999999999942e+00 9.059967266180000145e-01 2.085907318309999957e-06 2.804710380370000060e-06
1.248269999999999991e+00 2.396370395459999969e+00 2.722150809710000093e-06 7.418486983339999977e-06
6.230480000000000462e-01 1.252747016550000092e+00 7.835715587210000116e-07 3.878151496660000246e-06
8.433749999999999858e-01 1.002426182290000023e+00 1.466725947180000080e-06 3.103228782640000099e-06
1.015200000000000102e+00 8.175401357520000190e-01 1.999504287339999943e-06 2.530873719239999845e-06
1.141680000000000028e+00 1.505271578899999962e+00 2.391651583470000084e-06 4.659896331399999857e-06
9.856540000000000301e-01 1.629448741770000098e+00 1.907883246339999850e-06 5.044313810480000065e-06
1.226720000000000033e+00 1.742336227390000047e+00 2.655337586310000067e-06 5.393781632399999662e-06
7.376089999999999591e-01 6.343674005130000015e-01 1.138784163129999914e-06 1.963822584469999863e-06
1.018420000000000103e+00 4.738102226590000243e-01 2.009473839399999937e-06 1.466782837919999942e-06
7.617119999999999447e-01 8.289208301349999530e-01 1.213520319510000042e-06 2.566105139769999949e-06
8.914819999999999967e-01 2.474102001309999910e+00 1.615890176690000029e-06 7.659122115240000789e-06
9.536449999999999649e-01 8.691710538039999490e-01 1.808634603510000005e-06 2.690708481939999981e-06
1.147080000000000100e+00 1.085744705700000035e+00 2.408403402730000045e-06 3.361159435819999915e-06
8.934739999999999904e-01 1.505558820549999899e+00 1.622067735780000091e-06 4.660785550540000244e-06
9.252190000000000136e-01 9.693806288109999558e-01 1.720495993729999944e-06 3.000929067709999980e-06
1.093750000000000000e+00 1.341796535270000090e+00 2.243046782890000002e-06 4.153823695219999892e-06
8.400980000000000114e-01 2.645467021719999923e-01 1.456566961800000027e-06 8.189619894580000167e-07
9.110359999999999570e-01 1.067694279229999932e+00 1.676520481429999906e-06 3.305280405589999848e-06
6.863299999999999956e-01 5.021542384229999989e-01 9.797856646600000339e-07 1.554527917900000087e-06
8.309609999999999497e-01 8.545241939109999851e-01 1.428235314869999959e-06 2.645365934030000211e-06
7.214399999999999702e-01 8.741968008739999796e-01 1.088648833789999942e-06 2.706266777640000209e-06
8.989509999999999446e-01 2.200932359729999899e+00 1.639050016840000093e-06 6.813465936970000279e-06
8.659970000000000168e-01 2.515772407550000089e+00 1.536870609579999943e-06 7.788121942160000497e-06
1.073139999999999983e+00 1.777984085129999947e+00 2.179151017380000062e-06 5.504137347519999889e-06
1.091509999999999980e+00 4.434947305919999749e+00 2.236098553619999964e-06 1.372934623259999916e-05
1.084770000000000012e+00 2.393231787800000010e+00 2.215200270059999907e-06 7.408770739089999747e-06
6.544200000000000017e-01 1.304505512079999985e+00 8.808443658430000082e-07 4.038381203239999855e-06
1.111690000000000067e+00 1.241467368589999953e+00 2.298675493610000144e-06 3.843232887370000377e-06
6.526459999999999484e-01 6.186895193120000025e-01 8.753426678710000506e-07 1.915288285330000085e-06
1.285959999999999992e+00 9.650100918439999953e-01 2.839016935860000141e-06 2.987399117720000084e-06
9.249220000000000219e-01 7.354702257130000254e-01 1.719575255400000023e-06 2.276808420939999899e-06
6.410109999999999975e-01 5.617363433169999531e-01 8.392675413730000084e-07 1.738977312879999961e-06
1.079239999999999977e+00 1.223985005709999907e+00 2.198064409400000016e-06 3.789112421790000016e-06
8.540400000000000214e-01 2.864011101600000053e+00 1.499796014419999980e-06 8.866170737890000350e-06
9.183170000000000499e-01 1.099440362339999977e+00 1.699094649209999935e-06 3.403557326709999858e-06
8.949840000000000018e-01 1.237871894139999984e+00 1.626749233690000029e-06 3.832102312370000124e-06
9.615949999999999775e-01 1.195440394750000079e+00 1.833287178200000103e-06 3.700746355660000139e-06
1.318510000000000071e+00 2.825841998300000046e+00 2.939951073170000028e-06 8.748009957500000529e-06
1.057150000000000034e+00 9.993411389709999648e-01 2.129557929370000162e-06 3.093678358489999850e-06
1.143180000000000085e+00 9.565071208040000217e-01 2.396305913869999815e-06 2.961076317160000153e-06
1.086240000000000094e+00 1.861562705529999917e+00 2.219764042099999986e-06 5.762873187629999978e-06
1.274289999999999923e+00 1.004903603720000094e+00 2.802847185109999974e-06 3.110898180769999859e-06
1.198190000000000088e+00 2.047058163510000028e+00 2.566887566639999821e-06 6.337114817009999782e-06
1.197869999999999990e+00 9.370097494189999487e-01 2.565899926009999876e-06 2.900717953489999914e-06
1.148519999999999985e+00 5.960093622469999630e-01 2.412872180890000069e-06 1.845076914720000059e-06
7.672360000000000291e-01 1.277122235460000033e+00 1.230645645829999965e-06 3.953610300749999632e-06
9.665709999999999580e-01 6.966587679150000323e-01 1.848714073120000104e-06 2.156659092179999880e-06
7.743120000000000003e-01 1.048944807140000046e+00 1.252586644290000070e-06 3.247237327240000007e-06
1.067970000000000086e+00 1.848851175060000074e+00 2.163122556180000183e-06 5.723521873869999782e-06
1.057940000000000103e+00 1.204143242400000036e+00 2.132025552440000184e-06 3.727687917840000043e-06
9.428980000000000139e-01 3.550108514290000183e+00 1.775313929859999955e-06 1.099013485250000083e-05
1.237470000000000070e+00 7.242339503510000220e+00 2.688687090799999910e-06 2.242024080979999995e-05
7.851879999999999971e-01 1.166470832159999915e+00 1.286309286210000100e-06 3.611064759110000141e-06
1.138079999999999981e+00 2.269113602490000048e+00 2.380516600680000153e-06 7.024535837900000161e-06
9.754709999999999770e-01 2.661229588399999901e+00 1.876309979519999906e-06 8.238416356089999168e-06
9.697360000000000424e-01 1.948703994669999995e+00 1.858527643020000016e-06 6.032638045519999775e-06
7.925330000000000430e-01 9.386628797670000246e-01 1.309085454579999939e-06 2.905835578880000190e-06
3.049930000000000141e-01 1.538874220389999936e-01 -2.026058159929999895e-07 4.763920633699999911e-07
9.497919999999999696e-01 2.187201895579999888e+00 1.796687552429999919e-06 6.770960291889999653e-06
7.235730000000000217e-01 6.084406636219999998e-01 1.095262551539999933e-06 1.883560718230000015e-06
8.712199999999999944e-01 6.879467318619999716e+00 1.553066141740000065e-06 2.129689085300000162e-05
1.111089999999999911e+00 3.113238612530000005e+00 2.296826624429999865e-06 9.637708831169999958e-06
9.967599999999999794e-01 8.630361114969999914e-01 1.942319636029999890e-06 2.671716430570000093e-06
2.373530000000000140e+00 2.520194512029999778e+00 6.211206463100000045e-06 7.801811530640000833e-06
8.103529999999999900e-01 2.126306604489999863e+00 1.364337701240000087e-06 6.582445642730000143e-06
5.579089999999999883e-01 6.071560376079999877e+00 5.815968318060000365e-07 1.879583878340000143e-05
9.192949999999999733e-01 1.097066603720000089e+00 1.702128724100000061e-06 3.396208839389999981e-06
8.633629999999999916e-01 2.152633553359999841e+00 1.528702984200000039e-06 6.663946452399999663e-06
9.332059999999999800e-01 1.533721211470000068e+00 1.745262967660000093e-06 4.747968371209999629e-06
6.833860000000000490e-01 3.321803222929999855e+00 9.706584902160000317e-07 1.028336605109999930e-05
9.226769999999999694e-01 2.978348597260000119e+00 1.712615567730000051e-06 9.220127382009999696e-06
8.604859999999999731e-01 2.762874405279999834e+00 1.519783539550000033e-06 8.553080045970000783e-06
1.322540000000000049e+00 1.957626120870000097e+00 2.952439995950000199e-06 6.060258432260000371e-06
1.024939999999999962e+00 1.400373504859999896e+00 2.029699034040000191e-06 4.335161474749999628e-06
7.825889999999999791e-01 9.519365958209999867e-01 1.278251994180000042e-06 2.946927260680000060e-06
7.767749999999999932e-01 1.925367222039999993e+00 1.260223117140000063e-06 5.960393978279999978e-06
9.240909999999999958e-01 1.450566008330000045e+00 1.716999147100000086e-06 4.490543311509999935e-06
9.296200000000000019e-01 7.349231939400000524e-01 1.734142030650000002e-06 2.275114964830000070e-06
1.173910000000000009e+00 5.148795786570000033e+00 2.491614713320000053e-06 1.593921982799999845e-05
8.562490000000000379e-01 2.360268084819999945e+00 1.506643705419999953e-06 7.306724410219999967e-06
7.594699999999999784e-01 2.857215638890000076e+00 1.206566915479999982e-06 8.845133901600000311e-06
4.845110000000000250e-01 3.440568941460000030e+00 3.540158027579999988e-07 1.065103122449999925e-05
9.145710000000000228e-01 2.544085548299999999e+00 1.687481370389999923e-06 7.875771441800000702e-06
0.000000000000000000e+00 0.000000000000000000e+00 0.000000000000000000e+00 0.000000000000000000e+00
7.606129999999999836e-01 2.875588219930000022e+00 1.210111813489999918e-06 8.902010231569999825e-06
8.966279999999999806e-01 1.711910575709999938e+00 1.631846376020000010e-06 5.299592394639999658e-06
1.314500000000000002e+00 2.381043438620000074e+01 2.927532748960000169e-06 7.371039047070000098e-05
1.520969999999999933e+00 6.112708591790000128e+02 3.567706473460000121e-06 1.892322205579999956e-03
1.001100000000000101e+00 3.268090187289999893e+00 1.955776054820000036e-06 1.011708563949999950e-05
1.162239999999999940e+00 4.922342518429999814e+00 2.455409478480000125e-06 1.523818436819999984e-05
8.525920000000000165e-01 4.066105011640000377e+00 1.495304873890000067e-06 1.258751450059999987e-05
1.548419999999999908e+00 3.668113957210000109e+00 3.652813965350000089e-06 1.135544642700000054e-05
9.518299999999999539e-01 3.118556329380000047e+00 1.803008156770000043e-06 9.654170982959999845e-06
1.055409999999999959e+00 3.000100716169999959e+00 2.124176175029999791e-06 9.287465808179999659e-06
