1.591714024543762207e-01 4.834167286753654480e-02
2.004735916852951050e-01 4.906708747148513794e-02
1.733049154281616211e-01 4.821750149130821228e-02
1.810089349746704102e-01 4.832803830504417419e-02
1.859080642461776733e-01 4.843951016664505005e-02
1.579452306032180786e-01 4.910681769251823425e-02
1.856005191802978516e-01 4.827318340539932251e-02
1.960633099079132080e-01 6.411104649305343628e-02
1.545528322458267212e-01 4.838206619024276733e-02
1.953231096267700195e-01 4.877758026123046875e-02
1.252247691154479980e-01 4.874188080430030823e-02
1.488026380538940430e-01 4.899661615490913391e-02
1.808129400014877319e-01 4.819396510720252991e-02
9.396598488092422485e-02 4.870937764644622803e-02
1.379075050354003906e-01 4.838717356324195862e-02
1.795081794261932373e-01 4.839118942618370056e-02
1.526661217212677002e-01 4.862143099308013916e-02
1.908704638481140137e-01 4.861612617969512939e-02
1.529204845428466797e-01 4.865782335400581360e-02
1.618124246597290039e-01 5.102341622114181519e-02
1.470273733139038086e-01 4.858982935547828674e-02
1.906160712242126465e-01 4.855023324489593506e-02
1.956472992897033691e-01 4.934212937951087952e-02
1.792772710323333740e-01 4.863384366035461426e-02
1.019365563988685608e-01 4.876295104622840881e-02
1.973773539066314697e-01 4.820163920521736145e-02
1.609613150358200073e-01 4.899802058935165405e-02
1.921290457248687744e-01 4.889085516333580017e-02
1.646492183208465576e-01 4.864418506622314453e-02
9.228968620300292969e-02 5.769770219922065735e-02
2.084299921989440918e-01 4.858451709151268005e-02
1.276634931564331055e-01 4.879742860794067383e-02
1.730372905731201172e-01 4.841744154691696167e-02
1.323116272687911987e-01 4.894487932324409485e-02
1.087788045406341553e-01 4.896975681185722351e-02
1.016243845224380493e-01 4.964905977249145508e-02
1.311909407377243042e-01 4.972172901034355164e-02
1.772551089525222778e-01 4.814774915575981140e-02
1.589462608098983765e-01 4.880358651280403137e-02
1.828339695930480957e-01 4.929487779736518860e-02
8.297509700059890747e-02 6.670101732015609741e-02
1.793284267187118530e-01 4.856617748737335205e-02
1.648029386997222900e-01 4.915888234972953796e-02
1.815965026617050171e-01 4.869389533996582031e-02
1.583879142999649048e-01 4.903796315193176270e-02
1.923548877239227295e-01 4.896836355328559875e-02
1.302746981382369995e-01 4.875847697257995605e-02
1.422058790922164917e-01 4.913749545812606812e-02
1.610328853130340576e-01 4.946228861808776855e-02
1.650938689708709717e-01 4.879368469119071960e-02
1.603635400533676147e-01 4.878667369484901428e-02
1.827354133129119873e-01 4.863179847598075867e-02
1.947976797819137573e-01 4.896217957139015198e-02
1.424064487218856812e-01 4.845258966088294983e-02
1.652869582176208496e-01 4.874289780855178833e-02
1.773056983947753906e-01 4.857693612575531006e-02
1.411820203065872192e-01 4.866981506347656250e-02
1.712926328182220459e-01 4.897587373852729797e-02
1.917462795972824097e-01 4.906215518712997437e-02
1.834698915481567383e-01 4.909614846110343933e-02
2.122199833393096924e-01 4.985552653670310974e-02
1.424943506717681885e-01 4.869402199983596802e-02
1.738990247249603271e-01 4.825679585337638855e-02
1.629402339458465576e-01 4.854226484894752502e-02
1.649716198444366455e-01 4.881015792489051819e-02
1.784999668598175049e-01 4.892972484230995178e-02
1.565481275320053101e-01 4.845317453145980835e-02
1.289127618074417114e-01 4.875946417450904846e-02
1.518215239048004150e-01 4.895455762743949890e-02
1.363113522529602051e-01 4.889318346977233887e-02
1.750406920909881592e-01 4.848543927073478699e-02
1.798162013292312622e-01 4.880966618657112122e-02
1.295107454061508179e-01 4.905536025762557983e-02
2.021584063768386841e-01 4.873828217387199402e-02
1.873386651277542114e-01 4.880314692854881287e-02
2.042490392923355103e-01 4.859998077154159546e-02
1.666005551815032959e-01 4.851306974887847900e-02
1.634877473115921021e-01 4.923609644174575806e-02
1.775758564472198486e-01 4.868751391768455505e-02
1.962406933307647705e-01 4.900895059108734131e-02
1.857158392667770386e-01 4.919127002358436584e-02
1.767126023769378662e-01 4.847740009427070618e-02
1.782458424568176270e-01 4.829898849129676819e-02
1.902131736278533936e-01 4.923852533102035522e-02
1.939446628093719482e-01 4.907339811325073242e-02
1.677113473415374756e-01 4.865872114896774292e-02
1.840519309043884277e-01 4.875736683607101440e-02
1.550177186727523804e-01 4.892073199152946472e-02
1.996617317199707031e-01 4.872268438339233398e-02
1.598867177963256836e-01 4.905408993363380432e-02
1.561428457498550415e-01 4.859399050474166870e-02
1.974280774593353271e-01 4.863267019391059875e-02
1.199685335159301758e-01 5.162692442536354065e-02
1.664105504751205444e-01 4.874649643898010254e-02
1.538035869598388672e-01 4.893745109438896179e-02
1.734188199043273926e-01 4.845798760652542114e-02
1.626405715942382812e-01 4.873774200677871704e-02
1.695546209812164307e-01 4.923097416758537292e-02
1.830716431140899658e-01 4.827930405735969543e-02
1.495827436447143555e-01 4.871695488691329956e-02
1.623776853084564209e-01 4.853862524032592773e-02
1.534429341554641724e-01 4.863725230097770691e-02
1.464880257844924927e-01 4.889464750885963440e-02
1.724144965410232544e-01 4.873638227581977844e-02
1.871209442615509033e-01 4.865846782922744751e-02
1.673495173454284668e-01 4.919604957103729248e-02
1.978862285614013672e-01 4.884522035717964172e-02
1.447230130434036255e-01 4.910682886838912964e-02
1.467872858047485352e-01 4.878889024257659912e-02
2.020528316497802734e-01 4.897194728255271912e-02
1.439045220613479614e-01 4.898877814412117004e-02
1.634294390678405762e-01 4.837307706475257874e-02
1.800566762685775757e-01 4.998209327459335327e-02
1.488238275051116943e-01 4.895217344164848328e-02
1.504137963056564331e-01 4.887813702225685120e-02
1.769828796386718750e-01 4.835247620940208435e-02
1.769214272499084473e-01 4.983622208237648010e-02
1.466316133737564087e-01 4.916806519031524658e-02
8.714874088764190674e-02 4.949861392378807068e-02
1.564291268587112427e-01 4.857421293854713440e-02
1.590647101402282715e-01 4.904143512248992920e-02
1.659989058971405029e-01 4.873580858111381531e-02
1.521045118570327759e-01 4.902409762144088745e-02
1.569551229476928711e-01 4.868986830115318298e-02
1.235653012990951538e-01 4.930530861020088196e-02
1.785116791725158691e-01 4.881513118743896484e-02
2.127466499805450439e-01 4.847634583711624146e-02
1.697579622268676758e-01 4.906225204467773438e-02
1.019276380538940430e-01 4.924128204584121704e-02
1.765516400337219238e-01 4.863490909337997437e-02
1.788177490234375000e-01 4.915454983711242676e-02
1.472240537405014038e-01 4.923234879970550537e-02
2.013980895280838013e-01 4.867535829544067383e-02
1.353297829627990723e-01 4.903140664100646973e-02
6.371212005615234375e-01 2.507993578910827637e-01
2.512923479080200195e-01 6.399800628423690796e-02
2.457578778266906738e-01 6.489736586809158325e-02
1.719053387641906738e-01 4.902590811252593994e-02
1.287085413932800293e-01 4.948735609650611877e-02
1.171489953994750977e-01 5.057223513722419739e-02
2.378563284873962402e-01 6.457941234111785889e-02
1.670733988285064697e-01 4.933454841375350952e-02
1.300634592771530151e-01 4.897506162524223328e-02
1.965570151805877686e-01 4.904162883758544922e-02
1.003915071487426758e-01 4.943252727389335632e-02
1.710342019796371460e-01 4.911977425217628479e-02
1.787398457527160645e-01 4.941120743751525879e-02
1.737214326858520508e-01 4.877411574125289917e-02
1.342105269432067871e-01 4.910576716065406799e-02
2.006003409624099731e-01 4.826149716973304749e-02
1.794481873512268066e-01 4.807709902524948120e-02
1.644772589206695557e-01 4.831628873944282532e-02
1.605376303195953369e-01 4.819033294916152954e-02
1.623236238956451416e-01 4.928207024931907654e-02
1.874673962593078613e-01 4.821948334574699402e-02
2.042258679866790771e-01 4.896329343318939209e-02
1.218877956271171570e-01 4.825486615300178528e-02
1.710704863071441650e-01 4.827816784381866455e-02
1.374753415584564209e-01 4.869657382369041443e-02
1.621875315904617310e-01 4.905830323696136475e-02
1.295334696769714355e-01 4.936603084206581116e-02
1.974546313285827637e-01 4.843406006693840027e-02
2.123756557703018188e-01 4.863806068897247314e-02
9.503183513879776001e-02 4.942175000905990601e-02
4.631152749061584473e-02 5.054472014307975769e-02
1.377049982547760010e-01 4.947739094495773315e-02
9.765212982892990112e-02 5.146437510848045349e-02
1.549350321292877197e-01 4.921690747141838074e-02
1.351675689220428467e-01 4.950878024101257324e-02
1.383666992187500000e-01 4.968786612153053284e-02
1.290854662656784058e-01 4.917583614587783813e-02
1.159792095422744751e-01 4.992727935314178467e-02
1.977179050445556641e-01 4.945897683501243591e-02
1.654614359140396118e-01 4.929589480161666870e-02
1.257110536098480225e-01 4.937976598739624023e-02
