4.297810000000000241e-01 1.034417392769999972e-01 1.638385558199999913e-06 9.332521625369999659e-07
5.611819999999999586e-01 2.053911105289999983e-01 2.825773877339999990e-06 1.853040169340000090e-06
5.243370000000000530e-01 1.254580241999999901e-01 2.492833271890000145e-06 1.131883253420000059e-06
5.077340000000000186e-01 1.139979611100000040e-01 2.342801341970000037e-06 1.028490476610000041e-06
4.737569999999999837e-01 1.379095099190000007e-01 2.035766524079999894e-06 1.244220652759999931e-06
5.754160000000000386e-01 1.683920552879999977e-01 2.954400374340000208e-06 1.519234410120000099e-06
5.019909999999999650e-01 1.191070019880000053e-01 2.290904666489999817e-06 1.074584282469999947e-06
9.176079999999999792e-01 6.136019152299999613e-01 6.046570870179999847e-06 5.535921170000000151e-06
4.999629999999999908e-01 5.561953130700000164e-02 2.272579543350000018e-06 5.017998366459999946e-07
4.582890000000000019e-01 1.213310849689999971e-01 1.895993496099999918e-06 1.094649976129999960e-06
5.161080000000000112e-01 3.011317024169999843e-02 2.418466331809999987e-06 2.716812521260000124e-07
4.202830000000000177e-01 1.295225478360000071e-01 1.552555384549999997e-06 1.168553416740000086e-06
4.768939999999999846e-01 1.026586400119999937e-01 2.064118139000000115e-06 9.261870349850000011e-07
4.840439999999999743e-01 4.338529705529999697e-02 2.128729777370000048e-06 3.914224816999999858e-07
4.999919999999999920e-01 5.588025339449999990e-02 2.272844000790000121e-06 5.041520733120000072e-07
5.318699999999999539e-01 3.761100102469999706e-02 2.560901169700000119e-06 3.393267387699999934e-07
5.266509999999999803e-01 7.113533074340000484e-02 2.513742106510000045e-06 6.417834977749999948e-07
6.052560000000000162e-01 1.217238222459999936e-01 3.224048935580000010e-06 1.098193254849999906e-06
5.004070000000000462e-01 1.128759979040000055e-01 2.276592725389999927e-06 1.018368115989999957e-06
6.317509999999999515e-01 2.433740272900000168e+00 3.463461555320000096e-06 2.195722334720000111e-05
5.908060000000000533e-01 1.515068075090000022e-01 3.093471055069999902e-06 1.366895575569999949e-06
4.584670000000000134e-01 1.456702196809999961e-01 1.897605286100000031e-06 1.314237835569999998e-06
5.413569999999999771e-01 2.121466774680000056e-01 2.646626314420000174e-06 1.913988945909999933e-06
4.603070000000000217e-01 1.218394039509999999e-01 1.914232441670000172e-06 1.099236033869999979e-06
5.686759999999999593e-01 4.069633615300000118e-02 2.893492217349999890e-06 3.671626558829999873e-07
5.376600000000000268e-01 3.382596852309999874e-02 2.613221731140000123e-06 3.051781466040000124e-07
5.303930000000000033e-01 3.273435117480000267e-02 2.547557649119999976e-06 2.953295665429999988e-07
5.286779999999999813e-01 3.987030552449999932e-01 2.532053764400000153e-06 3.597102012380000086e-06
5.391599999999999726e-01 5.981099058799999729e-02 2.626772616509999989e-06 5.396152143209999837e-07
9.456120000000000081e-01 7.175979787010000166e+00 6.299624861740000252e-06 6.474174449649999438e-05
4.298480000000000079e-01 2.080205628569999909e-01 1.638989609160000075e-06 1.876763108349999920e-06
4.790900000000000158e-01 8.792979267499999307e-02 2.083958371669999833e-06 7.933032617100000236e-07
5.193290000000000406e-01 2.793042636069999890e-02 2.447574962879999992e-06 2.519885201459999986e-07
4.791380000000000083e-01 6.463402751940000579e-02 2.084395453570000049e-06 5.831286903870000036e-07
5.569520000000000026e-01 6.982745389779999867e-02 2.787550890280000024e-06 6.299838228750000440e-07
4.606020000000000114e-01 1.196296264700000000e-01 1.916893712969999976e-06 1.079299404539999960e-06
5.625580000000000025e-01 4.974800208690000058e-01 2.838205531430000130e-06 4.488268551359999835e-06
5.095119999999999649e-01 7.711916831020000640e-02 2.358869689819999926e-06 6.957697260459999783e-07
5.698079999999999812e-01 5.397407288589999713e-02 2.903724188790000004e-06 4.869544981909999613e-07
4.954520000000000035e-01 3.338990502829999873e-01 2.231810816799999980e-06 3.012439784200000207e-06
3.651490000000000014e-01 3.296292291349999903e+00 1.054344499130000041e-06 2.973917425160000055e-05
6.338719999999999910e-01 9.216944463510000352e-02 3.482630141489999964e-06 8.315534341040000495e-07
5.905310000000000281e-01 1.552905269690000034e-01 3.090979984479999969e-06 1.401032321459999925e-06
5.220110000000000028e-01 8.636016476100000228e-02 2.471814022240000044e-06 7.791420666699999949e-07
5.174109999999999543e-01 6.667139509010000520e-02 2.430246267969999954e-06 6.015098361850000209e-07
5.153240000000000043e-01 1.026872708519999955e-01 2.411388998289999954e-06 9.264453426369999892e-07
4.735790000000000277e-01 1.295028742409999878e-01 2.034159581580000054e-06 1.168375921410000062e-06
6.769429999999999614e-01 3.694685538929999846e-01 3.871831778099999657e-06 3.333348117690000105e-06
3.704339999999999855e-01 2.482203668009999864e-01 1.102108421190000028e-06 2.239446046850000166e-06
5.189470000000000471e-01 6.262904784059999952e-02 2.444123012310000154e-06 5.650397483969999699e-07
5.902100000000000124e-01 7.226112539000000001e-02 3.088086572329999926e-06 6.519404256819999658e-07
4.976059999999999928e-01 1.440731198180000006e-01 2.251274291870000209e-06 1.299828788390000079e-06
4.826360000000000094e-01 2.463063381370000082e-01 2.116008351169999996e-06 2.222177665599999875e-06
4.619409999999999905e-01 4.165250982999999657e-02 1.929000854620000168e-06 3.757892621069999829e-07
5.758969999999999922e-01 5.580083382469999687e-02 2.958741031169999953e-06 5.034355493459999499e-07
5.742479999999999807e-01 3.923569425119999982e-02 2.943845236990000108e-06 3.539847334790000042e-07
5.451359999999999539e-01 4.046215028899999983e-02 2.680778488190000206e-06 3.650498292269999775e-07
5.607159999999999922e-01 4.811691123040000295e-02 2.821561409649999846e-06 4.341111409589999762e-07
4.769820000000000171e-01 3.287238383330000069e-01 2.064916897420000133e-06 2.965748982429999932e-06
4.901070000000000149e-01 1.721028274280000103e-01 2.183512863070000184e-06 1.552713024730000095e-06
4.295249999999999901e-01 1.463937099730000080e+00 1.636070343739999944e-06 1.320765170510000010e-05
5.299730000000000274e-01 2.884042195069999939e-02 2.543755602139999925e-06 2.601985073150000101e-07
5.179880000000000040e-01 3.851166415719999708e-02 2.435461627209999847e-06 3.474525284349999801e-07
5.939900000000000180e-01 1.474647894970000095e-01 3.122238746099999957e-06 1.330428458170000043e-06
4.122270000000000101e-01 8.089026520099999729e-02 1.479764686220000094e-06 7.297925910240000442e-07
4.946590000000000154e-01 1.671134134320000075e-01 2.224651883900000148e-06 1.507698493520000005e-06
4.755340000000000122e-01 3.092651835770000163e-02 2.051829216519999970e-06 2.790192850459999970e-07
5.053330000000000322e-01 6.667577992959999866e-02 2.321107214179999811e-06 6.015493962400000252e-07
5.577100000000000390e-01 4.348236676100000059e-02 2.794403623480000014e-06 3.922982453270000061e-07
4.918440000000000034e-01 4.687822827120000091e-02 2.199213071079999860e-06 4.229357338319999988e-07
4.046910000000000229e-01 2.239503740719999969e-01 1.411662586679999942e-06 2.020481986910000161e-06
5.377129999999999965e-01 3.767654828489999663e-02 2.613700555300000078e-06 3.399181066520000121e-07
4.935019999999999962e-01 1.575555371169999885e-01 2.214197197280000092e-06 1.421467260329999903e-06
5.450949999999999962e-01 1.409881851470000114e-01 2.680407386000000105e-06 1.271996484210000020e-06
5.042269999999999808e-01 1.492356947129999944e-01 2.311110076639999789e-06 1.346405578560000001e-06
4.561379999999999879e-01 1.830185721110000052e-01 1.876558567350000055e-06 1.651194956710000045e-06
5.451489999999999947e-01 8.564593222989999588e-02 2.680894827920000184e-06 7.726982553149999595e-07
4.939040000000000097e-01 1.767768802949999940e-01 2.217826081189999892e-06 1.594882365429999930e-06
4.754709999999999770e-01 7.908006036009999906e-02 2.051259097990000164e-06 7.134609091109999614e-07
4.867659999999999765e-01 4.088076883410000084e-01 2.153326204370000052e-06 3.688266089420000048e-06
5.449720000000000120e-01 9.550002156320000490e-02 2.679291386379999948e-06 8.616019246110000469e-07
4.833830000000000071e-01 1.039589205970000013e-01 2.122756594060000125e-06 9.379181763579999819e-07
5.229800000000000004e-01 6.175273130980000330e-02 2.480571818509999875e-06 5.571336139579999711e-07
5.207540000000000502e-01 2.648235720800000137e-01 2.460454740369999795e-06 2.389240291799999824e-06
4.869379999999999820e-01 2.967809421370000145e-01 2.154881440330000138e-06 2.677559928759999789e-06
4.757509999999999795e-01 1.098943632180000018e-01 2.053792180139999871e-06 9.914677850580000339e-07
4.852770000000000139e-01 8.118897005800000677e-02 2.139865536150000181e-06 7.324875085279999758e-07
4.880349999999999966e-01 1.208739295089999999e-01 2.164792938910000120e-06 1.090525516070000072e-06
5.409129999999999772e-01 7.727381844979999692e-02 2.642612593780000196e-06 6.971649807880000346e-07
4.836210000000000231e-01 1.243306576880000014e-01 2.124908609740000140e-06 1.121712144130000075e-06
5.585959999999999814e-01 4.673683704710000081e-02 2.802406827330000162e-06 4.216601011279999936e-07
5.284539999999999793e-01 6.529873412879999561e-02 2.530030207169999844e-06 5.891256784979999723e-07
4.510759999999999770e-01 2.467572890580000067e+00 1.830819279750000092e-06 2.226246148269999959e-05
4.733160000000000145e-01 8.028741182819999767e-02 2.031783504200000207e-06 7.243536432860000172e-07
4.808700000000000196e-01 7.132065533810000302e-02 2.100046109470000036e-06 6.434554976839999531e-07
4.768049999999999788e-01 4.615515000380000094e-02 2.063312109360000006e-06 4.164121161760000071e-07
4.316470000000000029e-01 5.251240013359999986e-02 1.655252395159999926e-06 4.737672754460000118e-07
4.746239999999999903e-01 3.536127251769999869e-01 2.043601950969999991e-06 3.190296709809999820e-06
5.034840000000000426e-01 1.814277305070000068e-01 2.304394150339999948e-06 1.636842371600000033e-06
5.237720000000000153e-01 1.436277281239999870e-01 2.487725634620000106e-06 1.295810461120000096e-06
4.892489999999999895e-01 7.839090055330000251e-02 2.175766037510000157e-06 7.072433040649999781e-07
5.443179999999999685e-01 4.314285478899999859e-02 2.673389299570000165e-06 3.892351657200000220e-07
5.725259999999999794e-01 6.830408594690000335e-02 2.928281566580000123e-06 6.162399855759999963e-07
5.627060000000000395e-01 1.067706037410000031e-01 2.839548285799999972e-06 9.632852031810000962e-07
4.790610000000000146e-01 1.895148751780000029e-01 2.083699300329999860e-06 1.709804652639999948e-06
5.080689999999999928e-01 1.601932243109999987e-01 2.345826174930000169e-06 1.445264494359999917e-06
5.046340000000000270e-01 2.806470726679999861e-01 2.314790397790000156e-06 2.532000035069999950e-06
4.752709999999999990e-01 2.247916526859999875e-01 2.049449099569999955e-06 2.028072008990000045e-06
5.261029999999999873e-01 1.577209707309999986e-01 2.508787973049999838e-06 1.422959803670000048e-06
5.019749999999999490e-01 2.127560985589999898e-01 2.290763012100000101e-06 1.919487147660000097e-06
5.356689999999999507e-01 2.912640459949999983e-01 2.595229468889999866e-06 2.627786449589999883e-06
5.361810000000000187e-01 8.503780140949999955e-02 2.599857204770000023e-06 7.672116944039999905e-07
5.248859999999999637e-01 5.188283060249999634e-01 2.497789021169999854e-06 4.680872943240000162e-06
5.148179999999999978e-01 1.699936274590000129e-01 2.406811353130000050e-06 1.533683806490000032e-06
5.308530000000000193e-01 1.895159842140000106e-01 2.551710331109999888e-06 1.709814658370000024e-06
4.769590000000000218e-01 1.695877690800000059e-01 2.064704685139999995e-06 1.530022149080000090e-06
5.728560000000000318e-01 1.107875248670000090e+00 2.931263849350000198e-06 9.995258962830000639e-06
6.077839999999999909e-01 2.176458772519999918e-01 3.246887070710000054e-06 1.963602768409999961e-06
4.607419999999999849e-01 2.797694366160000112e-01 1.918161331269999934e-06 2.524081995900000159e-06
4.746989999999999821e-01 1.386163944319999952e-01 2.044281945909999789e-06 1.250598170249999942e-06
5.310009999999999453e-01 2.650071076209999932e-01 2.553046083550000026e-06 2.390896150850000169e-06
4.930169999999999830e-01 2.018556032390000088e-01 2.209815067489999795e-06 1.821142795539999956e-06
5.356849999999999667e-01 1.557243249789999895e-01 2.595374354939999999e-06 1.404946050429999937e-06
4.616140000000000243e-01 1.313146780189999863e-01 1.926041193459999976e-06 1.184722028940000036e-06
4.997010000000000063e-01 1.654719533279999932e-01 2.270212622329999940e-06 1.492889227910000025e-06
4.934250000000000025e-01 8.899225411540000186e-02 2.213495657940000197e-06 8.028887969469999725e-07
5.604679999999999662e-01 1.453983370140000120e-01 2.819321869870000113e-06 1.311784908059999976e-06
5.103969999999999896e-01 3.643389662570000187e-01 2.366864814520000090e-06 3.287068938829999986e-06
5.930100000000000371e-01 1.045704356739999979e-01 3.113388847550000100e-06 9.434352700580000290e-07
5.779859999999999998e-01 9.842301297449999875e-02 2.977620383860000192e-06 8.879731754690000313e-07
6.539989999999999970e-01 1.395822355520000002e-01 3.664504686110000016e-06 1.259311996210000067e-06
4.863649999999999918e-01 7.627697805730000447e-01 2.149701090729999963e-06 6.881714791460000387e-06
4.318040000000000211e-01 1.758745830829999968e-01 1.656663283680000019e-06 1.586741833079999944e-06
4.884780000000000233e-01 2.938151175850000074e-01 2.168791039869999919e-06 2.650802236979999919e-06
1.945270000000000055e+00 7.752724694459999455e+01 1.533292652999999881e-05 6.994514146060000536e-04
0.000000000000000000e+00 0.000000000000000000e+00 0.000000000000000000e+00 0.000000000000000000e+00
0.000000000000000000e+00 0.000000000000000000e+00 0.000000000000000000e+00 0.000000000000000000e+00
5.128970000000000473e-01 5.825810450330000112e-01 2.389454111899999859e-06 5.256050641940000267e-06
4.525060000000000193e-01 1.058485251660000070e+00 1.843735413410000000e-06 9.549662032260000723e-06
5.156110000000000415e-01 5.824725597569999636e-01 2.413982404750000035e-06 5.255071886939999649e-06
0.000000000000000000e+00 0.000000000000000000e+00 0.000000000000000000e+00 0.000000000000000000e+00
4.752330000000000165e-01 1.405599848240000060e+00 2.049104927870000011e-06 1.268133257619999934e-05
5.008599999999999719e-01 7.052978296040000039e-01 2.280680774200000109e-06 6.363202410460000271e-06
4.687930000000000152e-01 3.883045602290000065e-01 1.990917558570000047e-06 3.503286710860000018e-06
5.587469999999999937e-01 2.634921325680000259e-01 2.803772741930000098e-06 2.377228034340000006e-06
5.048660000000000370e-01 6.101357537930000019e-01 2.316886128740000037e-06 5.504649435019999781e-06
5.126810000000000533e-01 3.013174248609999939e-01 2.387502189779999829e-06 2.718488110580000052e-06
5.910790000000000211e-01 2.199353931509999971e-01 3.095934117940000175e-06 1.984258798349999985e-06
5.748560000000000336e-01 1.113893821089999986e-01 2.949341211960000001e-06 1.004955856929999900e-06
5.221780000000000310e-01 2.162329219759999976e-01 2.473318898179999842e-06 1.950855075099999878e-06
4.506419999999999870e-01 3.640533331990000177e-01 1.826898469300000103e-06 3.284491955199999933e-06
5.155629999999999935e-01 1.181688147550000040e-01 2.413548823819999919e-06 1.066119950079999930e-06
6.190780000000000172e-01 1.196550741710000060e-01 3.348947175159999816e-06 1.079528993900000067e-06
4.245889999999999942e-01 5.555558699789999721e-01 1.591467522930000096e-06 5.012229306000000271e-06
5.291150000000000020e-01 2.339856910670000123e-01 2.536005544919999904e-06 2.111020693549999866e-06
4.674789999999999779e-01 2.897290437319999801e-01 1.979038518189999855e-06 2.613937647440000112e-06
5.360380000000000145e-01 1.379062151610000071e-02 2.598566695560000146e-06 1.244190927440000053e-07
4.515270000000000117e-01 4.364372842190000074e-02 1.834889823739999992e-06 3.937540514649999847e-07
5.781920000000000393e-01 4.223320939490000092e-01 2.979482358129999837e-06 3.810283380209999825e-06
5.046810000000000462e-01 5.461376719210000452e-01 2.315212129300000155e-06 4.927258251129999750e-06
5.645580000000000043e-01 3.758449330370000063e-01 2.856279662379999940e-06 3.390875859069999862e-06
5.121019999999999461e-01 9.020291148600000364e-01 2.382272826680000106e-06 8.138113569999999946e-06
4.581600000000000117e-01 3.465821316850000167e-01 1.894831176030000066e-06 3.126866641569999901e-06
5.162930000000000019e-01 1.280511086359999995e-01 2.420142485679999935e-06 1.155278081029999981e-06
4.969319999999999848e-01 5.496063807629999465e-01 2.245186923280000093e-06 4.958552968809999728e-06
3.191899999999999737e-01 8.235431999210000020e-01 6.390423675039999498e-07 7.430013045420000234e-06
5.609290000000000109e-01 3.461882649959999725e-01 2.823489094329999995e-06 3.123313173289999996e-06
5.308509999999999618e-01 7.677167424580000343e-02 2.551694172809999920e-06 6.926346319410000224e-07
4.563989999999999991e-01 2.188154440529999967e+00 1.878918217139999971e-06 1.974154609019999963e-05
5.248089999999999700e-01 2.249843324730000094e-01 2.497093137240000194e-06 2.029810367509999858e-06
5.097899999999999654e-01 2.502009326040000037e-01 2.361380150360000174e-06 2.257314726659999839e-06
5.860229999999999606e-01 1.161733070589999972e+00 3.050251384370000169e-06 1.048116464389999991e-05
3.846600000000000019e-01 5.357050401820000474e-01 1.230652241580000095e-06 4.833134967819999724e-06
5.105159999999999698e-01 1.430694981910000108e+00 2.367939341190000189e-06 1.290774106400000083e-05
5.667799999999999505e-01 1.542918495399999979e-01 2.876364423920000084e-06 1.392022246059999991e-06
