6.623658537864685059e-01 2.296442298320368683e-02 5.213221140987379045e-06 2.765632469665945118e-07
8.866092562675476074e-01 1.211003067325466809e-02 7.918111113666237598e-06 1.458425237294219274e-07
7.268682122230529785e-01 4.429342556629046850e-03 5.991267587923431907e-06 5.334309337032389292e-08
8.007926344871520996e-01 9.570884582114627323e-03 6.882965744060316618e-06 1.152632887100249746e-07
1.198145747184753418e+00 1.057960407997228167e-02 1.167595603165266510e-05 1.274114162641145895e-07
7.564433217048645020e-01 9.330455621409864189e-03 6.348011269981061665e-06 1.123677744580036102e-07
8.531994223594665527e-01 1.171973370338121045e-02 7.515111856042772697e-06 1.411421314161303525e-07
7.320196032524108887e-01 2.462818742622423923e-02 6.053405183886076285e-06 2.966001578389415950e-07
6.823951005935668945e-01 1.597877420236374149e-02 5.454819815683735419e-06 1.924342570759979074e-07
6.809198260307312012e-01 1.176887021021331102e-02 5.437024619357729374e-06 1.417338881471408010e-07
7.064582705497741699e-01 4.990800179320986109e-03 5.745076859615738185e-06 6.010479355671217767e-08
7.249975800514221191e-01 1.524872627182412635e-02 5.968703471665689667e-06 1.836422039833095828e-07
7.764053940773010254e-01 7.558685611404573554e-03 6.588799666859980459e-06 9.103013983929394123e-08
7.402166724205017090e-01 1.678260809050663438e-02 6.152280646676980752e-06 2.021149231344997981e-07
7.080996036529541016e-01 1.591512726868804517e-02 5.764875102968702622e-06 1.916677495678539936e-07
8.116624951362609863e-01 1.062954876535733388e-02 7.014081204978601204e-06 1.280129059844928378e-07
7.437508702278137207e-01 7.730732668696272541e-03 6.194911181643415946e-06 9.310212278571684232e-08
6.884065270423889160e-01 8.794300378391406436e-03 5.527331412203445902e-06 1.059107938059836839e-07
7.375978827476501465e-01 6.776875676862434937e-03 6.120692034266193038e-06 8.161471084437171544e-08
7.116885781288146973e-01 9.427832421692039500e-03 5.808166370245895692e-06 1.135404947168558962e-07
7.453197240829467773e-01 2.028926359554363359e-02 6.213835158957335661e-06 2.443459878198891302e-07
7.153634428977966309e-01 8.210611988785520080e-03 5.852493671538109755e-06 9.888136587896043578e-08
7.575484514236450195e-01 7.848275416005570312e-03 6.361341670170165684e-06 9.451770391645154006e-08
6.758419275283813477e-01 7.085599695100071836e-03 5.375773511903426282e-06 8.533271050684194426e-08
7.555806040763854980e-01 1.610803720438508044e-02 6.337604915828801662e-06 1.939909866127173052e-07
7.329121232032775879e-01 5.508701956331591570e-03 6.064171022429392784e-06 6.634194557070283296e-08
6.562079787254333496e-01 1.914517473209736975e-02 5.138943038170023752e-06 2.305675910744343725e-07
7.506403923034667969e-01 1.762898726207191152e-02 6.278014626261171788e-06 2.123079670452566630e-07
7.039226889610290527e-01 1.025986511654685025e-02 5.714491927624775871e-06 1.235607623212157128e-07
7.342214584350585938e-01 1.231004330655452450e-02 6.079964609666005138e-06 1.482512993969057106e-07
7.589821815490722656e-01 1.179020158779573065e-02 6.378635745255041380e-06 1.419907844362737705e-07
7.645164132118225098e-01 9.634475752321800326e-03 6.445391277705179241e-06 1.160291246521587896e-07
6.984361410140991211e-01 1.199334954483136963e-02 5.648311570200325015e-06 1.444373191762713190e-07
7.209877371788024902e-01 8.463986846672856557e-03 5.920335565818016178e-06 1.019327890933940703e-07
6.771274209022521973e-01 6.663991470060382297e-03 5.391279511627193439e-06 8.025523306488392596e-08
8.058111071586608887e-01 7.275633284445646824e-03 6.943500039638855463e-06 8.762130737429073319e-08
8.939263820648193359e-01 8.400378880628361911e-03 8.006372440326850628e-06 1.011667508770159300e-07
8.299729228019714355e-01 1.016929628220164007e-02 7.234946976905249640e-06 1.224700311968669384e-07
7.596064805984497070e-01 2.881137511846373900e-02 6.386166224278861276e-06 3.469787792257113232e-07
7.209655046463012695e-01 4.302573235738615942e-02 5.920067390462289354e-06 5.181639552876041899e-07
7.528236508369445801e-01 1.384272604338945487e-02 6.304349733781081929e-06 1.667095778643745599e-07
6.727730035781860352e-01 1.862006937736918749e-02 5.338755247250142805e-06 2.242436855267360955e-07
6.735267043113708496e-01 1.070415325384453144e-02 5.347846607499924821e-06 1.289113766140136502e-07
6.980153918266296387e-01 7.295020439511957361e-03 5.643236369567410991e-06 8.785478916299080832e-08
7.215389013290405273e-01 1.152024606485023001e-01 5.926983870146188888e-06 1.387396783223958184e-06
7.221973538398742676e-01 1.266146825561612933e-02 5.934926318282158207e-06 1.524835513915948094e-07
7.213185429573059082e-01 1.808725214433030970e-02 5.924325842558728034e-06 2.178269049215030829e-07
6.809658408164978027e-01 8.705779593018264997e-03 5.437579663257517351e-06 1.048447275762884998e-07
7.086336016654968262e-01 2.460049000209944131e-02 5.771316344287626249e-06 2.962665945025508662e-07
7.639095187187194824e-01 7.823511904785994397e-03 6.438070737565734441e-06 9.421947403825304390e-08
7.620338201522827148e-01 2.486949974710118971e-02 6.415445508961512767e-06 2.995063105014137741e-07
8.220089673995971680e-01 7.826796624258809676e-02 7.138883401021176446e-06 9.425903230119919010e-07
7.174350023269653320e-01 9.321487906965651715e-03 5.877481431560346316e-06 1.122597752182067037e-07
6.460900902748107910e-01 2.565864349202666705e-01 5.016898087406838111e-06 3.090100614373548485e-06
9.547358751296997070e-01 7.196690601343096357e-03 8.739874457398492523e-06 8.667059135677682301e-08
6.868689656257629395e-01 7.424256837214829319e-02 5.508784893500134661e-06 8.941119830077381727e-07
6.939997076988220215e-01 1.348135593384229385e-02 5.594798004779090903e-06 1.623575551322495346e-07
6.547738313674926758e-01 2.442017287582745610e-02 5.121643930303673299e-06 2.940950141427073551e-07
6.867804527282714844e-01 6.394510781498967400e-02 5.507717224858702120e-06 7.700984543734156897e-07
7.501518726348876953e-01 9.954385574627969829e-03 6.272121958122998375e-06 1.198818362686540769e-07
6.921092271804809570e-01 5.186988198769617101e-03 5.571994471916905681e-06 6.246750894975051776e-08
7.524478435516357422e-01 1.093217570107135085e-02 6.299816635609878661e-06 1.316574777650176409e-07
7.194276452064514160e-01 1.768324492130144560e-02 5.901517276915068056e-06 2.129613984169180454e-07
6.254927515983581543e-01 3.326090315862634955e-02 4.768446921248191037e-06 4.005649687483625063e-07
7.033236026763916016e-01 2.955940300886939626e-02 5.707265572395786755e-06 3.559873670897944701e-07
7.514557838439941406e-01 1.617003682637156020e-02 6.287850119200438887e-06 1.947376553524380205e-07
7.335200905799865723e-01 3.991540269595706542e-02 6.071504504006914804e-06 4.807058893509814269e-07
8.629901409149169922e-01 1.318013883147506511e-02 7.633210387160954596e-06 1.587299621405388467e-07
7.527845501899719238e-01 1.476811663197416177e-02 6.303878090260017772e-06 1.778541655632905041e-07
6.994342803955078125e-01 9.630527504957620694e-03 5.660351421425540789e-06 1.159815754447755375e-07
7.552818059921264648e-01 6.044364100314870113e-03 6.334000725324083093e-06 7.279298777304586461e-08
6.414259672164916992e-01 2.085741784963764112e-02 4.960638061237944568e-06 2.511883363258824404e-07
6.604434251785278320e-01 3.701276719159051626e-02 5.190032240857982886e-06 4.457491085759853933e-07
6.448377370834350586e-01 2.188011116255550101e-02 5.001791834325923812e-06 2.635047521782841066e-07
6.396884918212890625e-01 1.534207861480192496e-02 4.939680121239435569e-06 1.847664572295053423e-07
6.557825803756713867e-01 1.843190891392299316e-02 5.133811757972103355e-06 2.219776469348028360e-07
6.254375576972961426e-01 1.206694822795571255e-02 4.767781156155956711e-06 1.453236767735086353e-07
5.888406038284301758e-01 1.314145499311756768e-02 4.326337918784285691e-06 1.582640881253673830e-07
6.598674058914184570e-01 1.892842195734434699e-02 5.183084126547670109e-06 2.279572119145242997e-07
6.743105053901672363e-01 1.747999844441210787e-02 5.357301046984671696e-06 2.105136771907348736e-07
6.493296623229980469e-01 2.386914476787675016e-02 5.055974759683302307e-06 2.874589178290238059e-07
6.105564832687377930e-01 2.906392986677238874e-02 4.588281253108011359e-06 3.500203257640309922e-07
5.920000076293945312e-01 4.476747990097528634e-02 4.364447578048812488e-06 5.391400258121463935e-07
6.096087694168090820e-01 1.441381231640992931e-02 4.576849649472460534e-06 1.735872370191511939e-07
6.566795110702514648e-01 1.798257517255101925e-02 5.144630800205295132e-06 2.165662678386952554e-07
