2.229257225990295410e-01 3.109555505216121674e-02
2.729597985744476318e-01 3.127359971404075623e-02
2.443842440843582153e-01 3.090201877057552338e-02
2.427107542753219604e-01 3.100802749395370483e-02
2.485311627388000488e-01 3.103346563875675201e-02
2.989383339881896973e-01 3.188049420714378357e-02
2.614486813545227051e-01 3.180918842554092407e-02
2.607904076576232910e-01 3.139758482575416565e-02
2.867746949195861816e-01 3.170490264892578125e-02
2.895912528038024902e-01 3.087433613836765289e-02
2.672134339809417725e-01 3.134828433394432068e-02
2.252503633499145508e-01 3.093196824193000793e-02
2.551711499691009521e-01 3.105756081640720367e-02
2.404690384864807129e-01 3.108328953385353088e-02
2.688272297382354736e-01 3.105465881526470184e-02
2.511029839515686035e-01 3.088863939046859741e-02
