2.407147437334060669e-01 3.239176794886589050e-02
-6.229449063539505005e-02 3.381986543536186218e-02
1.486210227012634277e-01 3.322230279445648193e-02
6.400001794099807739e-02 3.365253284573554993e-02
-3.847695589065551758e-01 3.516885265707969666e-02
8.744620531797409058e-02 3.322987258434295654e-02
-3.757340461015701294e-02 3.403827548027038574e-02
1.281892657279968262e-01 3.332296386361122131e-02
1.121841222047805786e-01 3.302890807390213013e-02
2.168267071247100830e-01 3.253467381000518799e-02
2.232205718755722046e-01 3.217437118291854858e-02
1.223421096801757812e-01 3.458410501480102539e-02
1.067639663815498352e-01 3.314661607146263123e-02
4.651870578527450562e-02 3.367030248045921326e-02
2.076625823974609375e-01 3.243732824921607971e-02
7.668758928775787354e-02 3.331982716917991638e-02
1.437212526798248291e-01 3.287019580602645874e-02
1.512699127197265625e-01 3.306551277637481689e-02
1.271421313285827637e-01 3.279645368456840515e-02
1.939892917871475220e-01 3.273896127939224243e-02
1.917073130607604980e-01 3.274582698941230774e-02
1.875550299882888794e-01 3.271621838212013245e-02
1.157790273427963257e-01 3.318572789430618286e-02
1.939535737037658691e-01 3.266002982854843140e-02
1.888855993747711182e-01 3.248856216669082642e-02
1.545972824096679688e-01 3.270522877573966980e-02
2.030849307775497437e-01 3.231057897210121155e-02
1.287042051553726196e-01 3.383371606469154358e-02
1.717990785837173462e-01 3.307421132922172546e-02
1.758669316768646240e-01 3.275974094867706299e-02
1.397299170494079590e-01 3.269076719880104065e-02
1.016823649406433105e-01 3.311016783118247986e-02
1.923157870769500732e-01 3.305472433567047119e-02
1.734756231307983398e-01 3.247724100947380066e-02
1.999995410442352295e-01 3.226499632000923157e-02
5.176901072263717651e-02 3.342112153768539429e-02
-7.054966688156127930e-02 3.347929194569587708e-02
4.151845723390579224e-02 3.345234319567680359e-02
1.018773317337036133e-01 3.346813842654228210e-02
1.909144222736358643e-01 3.278193250298500061e-02
1.620776951313018799e-01 3.269582986831665039e-02
2.146200388669967651e-01 3.219398483633995056e-02
2.254018485546112061e-01 3.230116143822669983e-02
2.024376690387725830e-01 3.250642120838165283e-02
1.429742872714996338e-01 3.358225524425506592e-02
1.276073753833770752e-01 3.264401108026504517e-02
1.829809248447418213e-01 3.289614617824554443e-02
2.079557627439498901e-01 3.208413720130920410e-02
1.580595523118972778e-01 3.324306756258010864e-02
1.027852520346641541e-01 3.324696794152259827e-02
1.348647028207778931e-01 3.302937373518943787e-02
8.361412584781646729e-02 3.329838439822196960e-02
2.087248265743255615e-01 3.280598670244216919e-02
2.785744369029998779e-01 3.296153619885444641e-02
-1.160850375890731812e-01 3.372208401560783386e-02
2.093095481395721436e-01 3.273322060704231262e-02
1.829080581665039062e-01 3.274501115083694458e-02
2.127434909343719482e-01 3.287666663527488708e-02
2.090010344982147217e-01 3.308600559830665588e-02
9.580300003290176392e-02 3.288932144641876221e-02
2.018164247274398804e-01 3.234735876321792603e-02
1.811802983283996582e-01 3.314925730228424072e-02
1.679340898990631104e-01 3.334745764732360840e-02
2.331681251525878906e-01 3.235801309347152710e-02
1.805101931095123291e-01 3.337855264544487000e-02
8.360494673252105713e-02 3.295701742172241211e-02
8.856393396854400635e-02 3.327513858675956726e-02
3.440930694341659546e-02 3.383732959628105164e-02
1.002153158187866211e-01 3.314772620797157288e-02
1.991136074066162109e-01 3.277806192636489868e-02
9.404441714286804199e-02 3.289404138922691345e-02
2.435041069984436035e-01 3.242702782154083252e-02
2.250440418720245361e-01 3.245545178651809692e-02
2.441297322511672974e-01 3.229597583413124084e-02
2.459221482276916504e-01 3.210638836026191711e-02
2.593950927257537842e-01 3.234401345252990723e-02
2.800536155700683594e-01 3.211582824587821960e-02
2.976177632808685303e-01 3.230569511651992798e-02
2.283990085124969482e-01 3.193827345967292786e-02
2.147815227508544922e-01 3.210221976041793823e-02
2.174862772226333618e-01 3.294325619935989380e-02
2.856964468955993652e-01 3.251050785183906555e-02
3.082143962383270264e-01 3.285299614071846008e-02
2.827253937721252441e-01 3.189540281891822815e-02
2.431278824806213379e-01 3.224467486143112183e-02
