5.160059928894042969e-01 1.062570062064347592e-02 3.840509934882167605e-06 1.401531488460257509e-07
5.013225674629211426e-01 2.593075519769397208e-02 3.646526936596900762e-06 3.420270458073731446e-07
4.867940247058868408e-01 6.872476559916605027e-03 3.454590096052723139e-06 9.064806779625653516e-08
4.997665882110595703e-01 7.022873247374456646e-03 3.625970866621471965e-06 9.263180233534925254e-08
5.063340663909912109e-01 9.742838772595945745e-03 3.712733939372769481e-06 1.285081879707409363e-07
4.748520553112030029e-01 2.858350189200635841e-02 3.296824522875667051e-06 3.770168140657085881e-07
5.068136453628540039e-01 1.466404515948574461e-02 3.719069665824495166e-06 1.934189732326364618e-07
5.293110609054565430e-01 2.081151829505804157e-02 4.016283428544497775e-06 2.745042351044914531e-07
4.462295174598693848e-01 1.592874568532978707e-02 2.918691658801518185e-06 2.101003919336211790e-07
5.131632089614868164e-01 9.689662414602765242e-03 3.802953865109783611e-06 1.278067910198021319e-07
5.350861549377441406e-01 3.913752653964888695e-02 4.092578300021964468e-06 5.162245557643534846e-07
5.541989207267761230e-01 1.727166843541282082e-02 4.345077393768410251e-06 2.278135629329471322e-07
4.952831864356994629e-01 3.061014100316867756e-02 3.566740564860056352e-06 4.037482140123701010e-07
4.409839212894439697e-01 1.475090958594804137e-02 2.849391993132391518e-06 1.945647163065324862e-07
4.694508016109466553e-01 4.059454225254355286e-02 3.225468462770959247e-06 5.354426146360288759e-07
4.355965852737426758e-01 1.401439654617018561e-02 2.778219799809498658e-06 1.848500983837875867e-07
