1.272405534982681274e-01 1.765187643468379974e-02
1.362079381942749023e-01 1.767031289637088776e-02
1.494699120521545410e-01 1.816741563379764557e-02
1.336275339126586914e-01 1.797535270452499390e-02
1.675021946430206299e-01 1.784283854067325592e-02
1.446768343448638916e-01 1.772888936102390289e-02
1.280718892812728882e-01 1.760349422693252563e-02
1.746671497821807861e-01 1.826476305723190308e-02
1.362558603286743164e-01 1.810651086270809174e-02
1.284623444080352783e-01 1.791187189519405365e-02
1.877707093954086304e-01 1.800221391022205353e-02
1.612685322761535645e-01 1.751562021672725677e-02
1.315685808658599854e-01 1.790025830268859863e-02
1.197066754102706909e-01 1.777623221278190613e-02
1.192635893821716309e-01 1.754865050315856934e-02
1.406737565994262695e-01 1.763196662068367004e-02
1.427809894084930420e-01 1.755541376769542694e-02
1.324339658021926880e-01 2.018470130860805511e-02
1.191348657011985779e-01 1.950583979487419128e-02
-5.647510290145874023e-03 1.938564889132976532e-02
1.537840366363525391e-01 1.808972470462322235e-02
1.805004477500915527e-01 1.800999045372009277e-02
2.159736454486846924e-01 1.841242983937263489e-02
1.536454409360885620e-01 1.769505627453327179e-02
1.407759636640548706e-01 1.772588863968849182e-02
1.961084008216857910e-01 1.818368956446647644e-02
1.622641086578369141e-01 1.826341636478900909e-02
2.118756771087646484e-01 1.798382401466369629e-02
2.128452956676483154e-01 1.762078702449798584e-02
1.959959864616394043e-01 1.771548949182033539e-02
2.068206965923309326e-01 1.756025478243827820e-02
2.298221290111541748e-01 1.773625984787940979e-02
1.942620724439620972e-01 1.798880472779273987e-02
1.839379072189331055e-01 1.797290146350860596e-02
1.995384097099304199e-01 1.767700351774692535e-02
2.093530893325805664e-01 1.764015667140483856e-02
1.847721338272094727e-01 1.773929968476295471e-02
4.276316165924072266e-01 1.405926793813705444e-01
2.130863517522811890e-01 1.773424446582794189e-02
1.972901523113250732e-01 1.770680397748947144e-02
2.355949878692626953e-01 1.798905432224273682e-02
2.130670100450515747e-01 1.785297691822052002e-02
1.336712241172790527e-01 1.835814118385314941e-02
1.283694654703140259e-01 1.796531677246093750e-02
2.228208780288696289e-01 1.763968728482723236e-02
2.130027860403060913e-01 1.834589429199695587e-02
2.072193324565887451e-01 1.784824579954147339e-02
2.145707905292510986e-01 1.836794987320899963e-02
2.079366892576217651e-01 1.768862456083297729e-02
2.152587175369262695e-01 1.840746775269508362e-02
1.913900524377822876e-01 1.926818676292896271e-02
1.884293258190155029e-01 1.827742159366607666e-02
2.204694449901580811e-01 1.795698143541812897e-02
2.249607443809509277e-01 1.811429299414157867e-02
2.092530727386474609e-01 1.916825957596302032e-02
1.927852630615234375e-01 1.777969859540462494e-02
2.232404649257659912e-01 1.759172789752483368e-02
2.060790061950683594e-01 1.782863214612007141e-02
2.089152038097381592e-01 1.883646473288536072e-02
2.052737623453140259e-01 1.963240467011928558e-02
2.145768553018569946e-01 1.822548359632492065e-02
2.255755066871643066e-01 1.767029054462909698e-02
2.111753523349761963e-01 1.826382242143154144e-02
2.081979960203170776e-01 1.779822073876857758e-02
1.917712986469268799e-01 1.922094076871871948e-02
2.114324867725372314e-01 1.901376619935035706e-02
2.137032449245452881e-01 1.882981695234775543e-02
2.190680801868438721e-01 1.771584153175354004e-02
1.998104155063629150e-01 1.844461448490619659e-02
2.105603665113449097e-01 1.792508363723754883e-02
2.140910476446151733e-01 1.783904246985912323e-02
1.956196427345275879e-01 1.808132976293563843e-02
2.312161922454833984e-01 1.769486069679260254e-02
2.076276093721389771e-01 1.817915588617324829e-02
1.914753317832946777e-01 1.898404210805892944e-02
2.245159149169921875e-01 1.768365688621997833e-02
2.230184674263000488e-01 1.810178719460964203e-02
2.269403934478759766e-01 1.851536706089973450e-02
2.060000002384185791e-01 1.806342788040637970e-02
2.033006548881530762e-01 1.819344796240329742e-02
2.287869453430175781e-01 1.770844310522079468e-02
1.859107017517089844e-01 1.730260998010635376e-02
1.975836306810379028e-01 1.724046282470226288e-02
1.912184953689575195e-01 1.726896502077579498e-02
1.833419203758239746e-01 1.733709871768951416e-02
1.884853243827819824e-01 1.721157878637313843e-02
1.923330724239349365e-01 1.725831627845764160e-02
1.887740790843963623e-01 1.729184947907924652e-02
1.818279772996902466e-01 1.733631640672683716e-02
1.885870844125747681e-01 1.739238761365413666e-02
1.749098449945449829e-01 1.732740737497806549e-02
1.868601143360137939e-01 1.726360619068145752e-02
1.838553845882415771e-01 1.738038100302219391e-02
1.811431050300598145e-01 1.727805100381374359e-02
1.840802729129791260e-01 1.744215935468673706e-02
1.861103326082229614e-01 1.728267408907413483e-02
1.849688589572906494e-01 1.729162037372589111e-02
1.823242902755737305e-01 1.715692318975925446e-02
1.787053495645523071e-01 1.719391904771327972e-02
1.851110458374023438e-01 1.715224049985408783e-02
1.699845492839813232e-01 1.747391186654567719e-02
1.723717004060745239e-01 1.729501783847808838e-02
1.647334396839141846e-01 1.722190901637077332e-02
1.816346198320388794e-01 1.722489483654499054e-02
1.829297244548797607e-01 1.720600016415119171e-02
1.989484429359436035e-01 1.710237748920917511e-02
1.913392543792724609e-01 1.715314388275146484e-02
1.999549567699432373e-01 1.726621203124523163e-02
1.865621507167816162e-01 1.754634268581867218e-02
1.846878230571746826e-01 1.722630485892295837e-02
1.875252127647399902e-01 1.705080643296241760e-02
1.878329515457153320e-01 1.700364239513874054e-02
1.879775971174240112e-01 1.701747812330722809e-02
2.487146854400634766e-01 1.757754944264888763e-02
2.258881628513336182e-01 1.699154637753963470e-02
2.556617856025695801e-01 1.706713996827602386e-02
2.374649047851562500e-01 1.718735508620738983e-02
2.350055575370788574e-01 1.710729859769344330e-02
2.279612571001052856e-01 1.700673066079616547e-02
2.129781842231750488e-01 1.702618971467018127e-02
2.171859443187713623e-01 1.719307899475097656e-02
2.036485970020294189e-01 1.764963939785957336e-02
1.550864279270172119e-01 1.844543404877185822e-02
1.658395975828170776e-01 1.791786588728427887e-02
2.285617887973785400e-01 1.718039996922016144e-02
2.270746082067489624e-01 1.713731139898300171e-02
2.572805881500244141e-01 1.714570261538028717e-02
2.504926323890686035e-01 1.715877838432788849e-02
2.317124903202056885e-01 1.728761196136474609e-02
2.339615523815155029e-01 1.734092272818088531e-02
2.141469419002532959e-01 1.763863116502761841e-02
2.092532813549041748e-01 1.744584739208221436e-02
2.037345618009567261e-01 1.780117675662040710e-02
1.625803112983703613e-01 1.825517974793910980e-02
1.379836499691009521e-01 1.833273284137248993e-02
1.328117698431015015e-01 1.823166944086551666e-02
1.524351984262466431e-01 1.761527732014656067e-02
1.328560411930084229e-01 1.738395169377326965e-02
1.503182947635650635e-01 1.721771806478500366e-02
1.558202207088470459e-01 1.758453994989395142e-02
1.634210944175720215e-01 1.756980642676353455e-02
1.732612252235412598e-01 1.736610941588878632e-02
1.843102276325225830e-01 1.754343323409557343e-02
