4.606790000000000052e-01 2.126718574999999969e-03 4.901793017029999995e-06 8.216125783750000057e-07
4.612040000000000028e-01 1.630375304170000048e-03 4.911995400119999986e-06 8.219942973880000518e-07
4.619440000000000213e-01 1.897626406459999903e-03 4.926389971970000218e-06 8.233521200749999880e-07
4.520979999999999999e-01 1.859597379929999947e-03 4.734979129009999623e-06 8.081563567929999958e-07
4.554779999999999940e-01 2.461718246280000192e-03 4.800688617240000163e-06 8.139589501299999899e-07
4.516510000000000247e-01 2.268304126909999937e-03 4.726293488620000223e-06 8.078628195629999742e-07
4.551470000000000238e-01 1.782394979580000094e-03 4.794249702670000378e-06 8.127816557410000106e-07
4.593149999999999733e-01 2.872045008199999860e-03 4.875283042839999862e-06 8.203671317819999829e-07
4.542970000000000064e-01 2.860728756599999981e-03 4.777720219870000017e-06 8.126343460989999739e-07
4.598329999999999917e-01 2.002492134149999950e-03 4.885348698939999779e-06 8.201912375399999961e-07
4.661420000000000008e-01 5.654007251309999676e-03 5.007981227819999823e-06 8.362425681710000442e-07
4.507090000000000263e-01 2.009484555549999850e-03 4.707983078759999773e-06 8.061569564530000324e-07
4.557350000000000012e-01 3.215948154749999864e-03 4.805679152620000348e-06 8.153436783750000097e-07
4.518229999999999746e-01 1.710811708510000034e-03 4.729629395590000385e-06 8.076093305279999680e-07
4.605199999999999849e-01 1.729082082460000041e-03 4.898694064890000241e-06 8.210152328059999627e-07
4.632660000000000111e-01 2.495269633689999825e-03 4.952072631959999952e-06 8.259888170940000075e-07
4.641190000000000038e-01 2.313037120839999891e-03 4.968670478250000314e-06 8.271057281449999844e-07
4.471780000000000199e-01 6.166880491360000015e-03 4.639323531770000077e-06 8.086886657949999765e-07
4.310379999999999767e-01 3.125617633939999779e-02 4.325571573829999792e-06 9.842321700950000949e-07
4.484290000000000220e-01 2.811913725879999857e-03 4.663652246890000086e-06 8.035611336739999558e-07
4.345720000000000138e-01 4.537593388779999869e-03 4.394264723210000269e-06 7.854009237029999625e-07
4.540509999999999824e-01 5.982550502200000009e-03 4.772948100079999791e-06 8.186338854780000448e-07
4.688939999999999775e-01 9.780692213060000750e-03 5.061492466419999739e-06 8.546170427410000153e-07
4.623619999999999952e-01 2.334552982239999994e-03 4.934509006420000222e-06 8.244188241309999869e-07
4.781759999999999899e-01 3.258577015710000056e-03 5.241932705960000144e-06 8.499981501239999859e-07
3.894199999999999884e-01 2.137897230309999952e-02 3.516524332800000050e-06 8.240215066629999515e-07
3.785060000000000091e-01 2.477411002319999944e-02 3.304364009400000153e-06 8.455785938389999616e-07
3.676110000000000211e-01 4.269290885709999678e-02 3.092558828589999936e-06 1.071479557320000039e-06
4.397710000000000230e-01 6.963940296680000072e-03 4.495337838010000293e-06 7.999141749119999718e-07
4.182960000000000012e-01 7.435553462630000408e-03 4.077876135770000270e-06 7.692669666550000014e-07
4.096040000000000236e-01 1.204932800019999951e-02 3.908907059499999578e-06 7.783683927869999550e-07
4.181309999999999749e-01 1.110661672689999997e-02 4.074658416539999661e-06 7.855146626479999723e-07
3.863010000000000055e-01 2.438324937650000052e-02 3.455902711020000152e-06 8.509716084999999612e-07
3.881890000000000063e-01 3.847682932819999901e-02 3.492600005160000016e-06 1.030487226190000032e-06
4.200519999999999810e-01 1.550426587889999937e-02 4.112015012889999973e-06 8.158092472739999836e-07
4.144999999999999796e-01 1.060658646269999929e-02 4.004072525210000314e-06 7.775816445510000011e-07
4.214550000000000241e-01 1.264102028200000082e-02 4.139290310639999582e-06 7.990197399239999958e-07
0.000000000000000000e+00 0.000000000000000000e+00 0.000000000000000000e+00 0.000000000000000000e+00
4.432039999999999869e-01 9.440995507420000751e-03 4.562076254830000341e-06 8.145567309760000193e-07
4.228540000000000076e-01 1.156720146069999990e-02 4.166483340459999840e-06 7.949127799310000493e-07
4.321590000000000154e-01 1.169085783750000059e-02 4.347364466640000029e-06 8.092201998830000010e-07
3.779649999999999954e-01 2.250877253789999866e-02 3.293837189369999906e-06 8.206872729780000461e-07
3.956569999999999809e-01 1.914201608740000171e-02 3.637777425320000032e-06 8.113724721290000070e-07
3.824130000000000029e-01 3.075616061650000149e-02 3.380314117939999814e-06 9.210378054660000191e-07
4.267110000000000070e-01 1.026840031939999995e-02 4.241463034930000160e-06 7.938575534099999523e-07
4.247810000000000197e-01 1.639809659389999952e-02 4.203936109189999770e-06 8.290157338259999820e-07
4.292630000000000057e-01 1.317307361099999928e-02 4.291063070340000253e-06 8.135494910160000113e-07
4.268839999999999857e-01 5.620675802049999656e-03 4.244819798570000264e-06 7.763993613650000516e-07
4.371499999999999830e-01 6.037962065410000349e-03 4.444397762169999825e-06 7.931022358880000488e-07
4.400069999999999815e-01 1.021384958230000042e-02 4.499928041379999596e-06 8.133042286610000486e-07
4.206409999999999871e-01 4.599846108899999925e-02 4.123465319499999814e-06 1.171925168010000052e-06
4.297690000000000121e-01 1.027332726430000079e-02 4.300910890199999821e-06 7.984029148380000141e-07
4.368239999999999901e-01 2.697132523559999870e-02 4.438061392839999653e-06 9.426187549639999777e-07
4.168789999999999996e-01 1.608764007970000035e-02 4.050325066610000175e-06 8.155900348760000219e-07
4.184669999999999779e-01 1.786606880680000065e-02 4.081200455709999586e-06 8.316135039650000414e-07
4.347289999999999766e-01 4.841556227250000399e-03 4.397327755549999892e-06 7.863237622639999510e-07
4.368850000000000233e-01 7.086560510960000434e-03 4.439235738700000346e-06 7.959632964790000237e-07
4.245289999999999897e-01 1.637300742749999913e-02 4.199035373330000055e-06 8.284738004729999532e-07
4.207370000000000276e-01 1.068776071769999940e-02 4.125321562279999650e-06 7.871490977649999877e-07
4.076449999999999796e-01 1.370332310460000043e-02 3.870818162630000115e-06 7.858127497230000463e-07
4.322130000000000138e-01 1.471781093130000023e-02 4.348410196420000316e-06 8.276944928680000414e-07
4.413980000000000126e-01 1.609999938730000135e-02 4.526961749480000096e-06 8.503997962350000195e-07
4.065980000000000150e-01 1.069576890399999945e-02 3.850469593559999681e-06 7.664957086310000359e-07
4.169800000000000173e-01 1.251407559460000068e-02 4.052288489460000091e-06 7.917799380979999651e-07
4.370649999999999813e-01 7.193218688569999984e-03 4.442746609880000134e-06 7.965959829859999875e-07
4.325149999999999828e-01 8.450684490680000077e-03 4.354285401809999663e-06 7.944173229339999533e-07
4.209579999999999989e-01 8.802651921019999728e-03 4.129615137580000290e-06 7.786359436870000380e-07
4.245619999999999949e-01 1.301943983260000007e-02 4.199686564619999918e-06 8.058010255300000444e-07
4.021799999999999820e-01 5.798437132639999714e-02 3.764575492779999988e-06 1.342070640579999926e-06
4.150249999999999773e-01 1.693240182749999878e-02 4.014289392100000180e-06 8.194242989860000197e-07
4.168359999999999843e-01 1.949758862189999997e-02 4.049494855649999970e-06 8.430896460089999903e-07
4.394770000000000065e-01 5.643258179630000065e-03 4.489631223959999658e-06 7.955382090989999967e-07
4.075150000000000161e-01 1.786548972559999851e-02 3.868291030599999761e-06 8.165216057989999925e-07
4.339270000000000072e-01 7.311908818139999967e-03 4.381731608309999876e-06 7.922748565290000004e-07
4.204789999999999917e-01 2.828107162949999864e-02 4.120317701819999796e-06 9.366293589379999883e-07
4.293910000000000227e-01 1.298279691469999934e-02 4.293561814139999759e-06 8.125831259639999863e-07
4.076870000000000216e-01 2.349634328729999916e-02 3.871626937569999923e-06 8.688082328680000314e-07
4.381929999999999992e-01 1.088790377400000037e-02 4.464665222000000054e-06 8.139061533309999699e-07
4.129639999999999977e-01 3.312362711680000293e-02 3.974216215720000083e-06 9.859375420670000714e-07
4.148709999999999898e-01 1.612859952749999895e-02 4.011299937429999786e-06 8.130772513780000525e-07
4.321690000000000254e-01 7.771958057949999651e-03 4.347569557130000175e-06 7.912837543580000512e-07
4.348099999999999743e-01 2.661067468789999908e-03 4.398906488879999641e-06 7.825193201449999870e-07
4.406410000000000049e-01 2.437931454279999854e-03 4.512251430970000295e-06 7.911625929720000367e-07
4.461729999999999863e-01 2.909330144879999826e-03 4.619793007280000240e-06 8.002328317060000148e-07
4.471740000000000159e-01 4.268447616759999709e-03 4.639246477999999811e-06 8.040552107929999776e-07
4.522129999999999761e-01 2.348305710979999884e-03 4.737211950389999888e-06 8.088120111500000490e-07
4.437249999999999805e-01 2.135795286399999864e-03 4.572212591829999611e-06 7.955598905329999649e-07
4.417619999999999880e-01 2.895595908409999940e-03 4.534044323779999685e-06 7.934587711139999950e-07
4.477019999999999889e-01 1.647344422299999896e-03 4.649520700700000135e-06 8.012263279859999775e-07
4.456890000000000018e-01 1.456851909639999935e-03 4.610388970800000121e-06 7.979960532469999968e-07
4.388179999999999858e-01 2.364117325499999998e-03 4.476825234420000350e-06 7.882889216709999959e-07
4.490399999999999947e-01 1.823771207659999945e-03 4.675527797629999702e-06 8.034251023019999711e-07
4.462570000000000148e-01 4.823509966160000224e-03 4.621431993180000253e-06 8.038379301909999859e-07
4.426320000000000254e-01 1.694462279609999962e-03 4.550968345060000399e-06 7.934836323419999568e-07
4.557329999999999992e-01 6.281570465409999811e-03 4.805633963180000274e-06 8.220386748530000050e-07
4.515159999999999729e-01 3.362283387309999809e-03 4.723657438470000118e-06 8.090896824829999567e-07
4.482180000000000053e-01 1.782196425140000024e-03 4.659543484770000176e-06 8.021268742609999541e-07
4.363819999999999921e-01 2.113446889770000028e-03 4.429464393259999742e-06 7.842931484909999870e-07
4.309769999999999990e-01 2.670585511330000102e-03 4.324388537699999753e-06 7.766809160919999853e-07
4.395669999999999855e-01 1.798426641569999922e-03 4.491373334459999811e-06 7.888721428840000429e-07
4.268629999999999924e-01 8.127834538650000051e-03 4.244410196930000357e-06 7.846855793730000351e-07
4.244999999999999885e-01 5.657846970559999786e-03 4.198468188030000132e-06 7.728997442029999858e-07
4.461439999999999850e-01 1.407094125050000095e-03 4.619239147070000059e-06 7.986614024150000169e-07
4.451200000000000156e-01 1.687930211529999926e-03 4.599315822140000317e-06 7.972933704019999938e-07
4.280280000000000196e-01 3.358547960279999970e-03 4.267062268280000409e-06 7.731965755620000394e-07
4.420879999999999810e-01 2.300753397589999985e-03 4.540390542080000113e-06 7.932247610340000256e-07
4.329540000000000055e-01 5.957258372050000181e-03 4.362817513999999763e-06 7.865174985619999625e-07
4.279169999999999918e-01 5.023053241640000090e-03 4.264900127810000413e-06 7.764191995420000441e-07
4.133910000000000085e-01 2.207977112800000100e-02 3.982525277519999972e-06 8.621959375519999995e-07
4.359460000000000002e-01 4.865433733310000133e-03 4.420991954280000225e-06 7.882294445149999555e-07
4.452150000000000274e-01 2.017652435020000044e-03 4.601177279090000157e-06 7.977288510279999956e-07
4.422159999999999980e-01 2.647293710209999967e-03 4.542876540140000333e-06 7.938276252830000298e-07
4.425930000000000142e-01 2.096429613869999885e-03 4.550209973709999680e-06 7.937854758989999667e-07
4.236400000000000166e-01 1.244117065610000038e-02 4.181760264919999955e-06 8.010112899949999826e-07
4.436930000000000041e-01 2.678216262799999834e-03 4.571593844229999618e-06 7.961291120169999818e-07
4.486760000000000193e-01 7.867005022870000863e-03 4.668453913610000377e-06 8.164895869289999629e-07
4.479690000000000061e-01 6.664128174690000378e-03 4.654711112399999615e-06 8.113743965399999719e-07
4.456910000000000038e-01 8.373392764070000313e-03 4.610421414500000062e-06 8.138885082389999596e-07
4.462490000000000068e-01 3.293623888019999845e-03 4.621276147579999980e-06 8.009105498330000161e-07
4.451709999999999834e-01 3.212084344509999988e-03 4.600315783140000145e-06 7.991345178729999701e-07
4.469730000000000092e-01 2.520922800080000175e-03 4.635355552110000181e-06 8.009640429250000453e-07
4.403920000000000057e-01 4.706362749789999578e-03 4.507414423790000257e-06 7.946324347340000044e-07
4.392800000000000038e-01 2.482548684280000070e-03 4.485795336489999582e-06 7.891320364300000344e-07
4.320990000000000109e-01 4.581223373259999884e-03 4.346203445869999925e-06 7.817383857639999772e-07
4.490100000000000202e-01 2.051688077200000161e-03 4.674946128539999974e-06 8.035861947040000213e-07
4.428750000000000187e-01 2.726928670520000191e-03 4.555685426440000294e-06 7.949380624200000238e-07
4.424600000000000199e-01 6.460186240760000184e-03 4.547611581430000365e-06 8.023939350639999640e-07
4.348949999999999760e-01 3.914436390240000341e-03 4.400547792189999852e-06 7.846291825800000430e-07
4.332779999999999965e-01 5.023944149430000297e-03 4.369120280940000001e-06 7.845514135990000063e-07
4.339910000000000156e-01 4.217002083980000114e-03 4.382978373129999663e-06 7.838438917859999776e-07
4.404060000000000197e-01 3.981502452079999782e-03 4.507687298430000020e-06 7.931597504840000089e-07
4.485089999999999910e-01 3.960957770200000325e-03 4.665200274579999636e-06 8.055051016470000101e-07
4.363170000000000104e-01 5.655106983659999829e-03 4.428195613080000020e-06 7.907741178160000275e-07
4.263560000000000128e-01 5.308289096269999674e-03 4.234560639010000200e-06 7.747723299659999686e-07
4.280419999999999781e-01 5.682910645490000211e-03 4.267325293939999844e-06 7.783196591410000470e-07
4.225260000000000127e-01 5.669819680890000185e-03 4.160110471979999929e-06 7.699553062660000163e-07
4.381880000000000219e-01 5.563107730469999887e-03 4.464564414810000112e-06 7.933674767510000235e-07
4.291749999999999732e-01 7.596613934049999996e-03 4.289354562240000105e-06 7.861455532259999812e-07
4.340660000000000074e-01 5.227612305179999731e-03 4.384437760009999725e-06 7.862480278179999724e-07
4.257340000000000013e-01 8.312575581610000611e-03 4.222463775930000044e-06 7.837281961859999762e-07
4.230490000000000084e-01 8.359795401890000172e-03 4.170276355920000181e-06 7.799123245139999873e-07
4.172460000000000058e-01 1.401923169949999964e-02 4.057463258669999703e-06 8.016048133990000251e-07
4.115249999999999742e-01 9.711142299040000092e-03 3.946238164369999623e-06 7.687813978709999740e-07
