2.921411395072937012e-01 2.931363321840763092e-02
2.240907400846481323e-01 2.901520393788814545e-02
2.036493867635726929e-01 2.902411855757236481e-02
2.900858521461486816e-01 2.892086654901504517e-02
3.274742662906646729e-01 2.882485091686248779e-02
2.799395918846130371e-01 2.889333851635456085e-02
3.224971294403076172e-01 2.864083647727966309e-02
2.798954546451568604e-01 2.884458377957344055e-02
2.828930914402008057e-01 2.881609834730625153e-02
2.754081487655639648e-01 2.873849496245384216e-02
1.826075017452239990e-01 2.902158349752426147e-02
2.143873274326324463e-01 2.890657633543014526e-02
2.916590571403503418e-01 2.884275093674659729e-02
3.228060305118560791e-01 2.870796434581279755e-02
3.252810835838317871e-01 2.906753495335578918e-02
2.989647984504699707e-01 2.885188534855842590e-02
2.647889554500579834e-01 2.877024374902248383e-02
3.104766309261322021e-01 2.882788144052028656e-02
2.759578526020050049e-01 2.867664583027362823e-02
1.342305839061737061e-01 2.906353585422039032e-02
2.276573628187179565e-01 2.892747521400451660e-02
2.810574471950531006e-01 2.986288815736770630e-02
3.346010148525238037e-01 2.895728684961795807e-02
2.521794438362121582e-01 2.900746092200279236e-02
2.305213212966918945e-01 2.891059964895248413e-02
2.585813999176025391e-01 2.875518985092639923e-02
2.533007860183715820e-01 2.918393351137638092e-02
3.038324713706970215e-01 2.911794185638427734e-02
2.680874466896057129e-01 2.899488247931003571e-02
2.700517177581787109e-01 2.895119041204452515e-02
2.799835205078125000e-01 2.894677966833114624e-02
1.530935764312744141e-01 2.930240333080291748e-02
1.386653780937194824e-01 2.937641739845275879e-02
1.731309145689010620e-01 2.930355817079544067e-02
2.742532491683959961e-01 2.894175611436367035e-02
1.706536114215850830e-01 2.922114729881286621e-02
2.128911465406417847e-01 2.914121001958847046e-02
1.818723976612091064e-01 2.924409694969654083e-02
1.672812700271606445e-01 2.931826561689376831e-02
1.626749932765960693e-01 2.930477261543273926e-02
1.454748064279556274e-01 2.939452975988388062e-02
2.758597433567047119e-01 2.902492880821228027e-02
2.157759666442871094e-01 2.920304052531719208e-02
2.734085023403167725e-01 2.897996641695499420e-02
1.582536995410919189e-01 2.935671061277389526e-02
1.707773953676223755e-01 2.930993773043155670e-02
2.680317759513854980e-01 2.902873046696186066e-02
2.728733718395233154e-01 2.895116433501243591e-02
2.884702682495117188e-01 2.887037210166454315e-02
2.763524651527404785e-01 2.893446758389472961e-02
2.721424102783203125e-01 2.903100661933422089e-02
2.796026468276977539e-01 2.898554876446723938e-02
2.662054896354675293e-01 2.899048104882240295e-02
2.359947860240936279e-01 2.927390113472938538e-02
3.105503916740417480e-01 2.887804247438907623e-02
2.935520112514495850e-01 2.943086437880992889e-02
2.829798161983489990e-01 2.870812267065048218e-02
3.022585511207580566e-01 2.873916923999786377e-02
2.804052531719207764e-01 2.933317422866821289e-02
2.486764490604400635e-01 2.901615574955940247e-02
2.483032345771789551e-01 2.897199429571628571e-02
2.451545149087905884e-01 2.885405346751213074e-02
2.680139243602752686e-01 2.879842557013034821e-02
2.885456085205078125e-01 2.914368174970149994e-02
2.403025627136230469e-01 2.911949343979358673e-02
2.607616186141967773e-01 2.934609353542327881e-02
3.038067817687988281e-01 2.909548766911029816e-02
2.855440378189086914e-01 2.873400971293449402e-02
2.981800436973571777e-01 2.890789136290550232e-02
2.844692766666412354e-01 2.990669570863246918e-02
2.492932677268981934e-01 2.911961078643798828e-02
2.769601047039031982e-01 2.865391783416271210e-02
2.597539424896240234e-01 2.912445552647113800e-02
2.430273592472076416e-01 2.918081358075141907e-02
3.424798548221588135e-01 2.905711531639099121e-02
2.501285076141357422e-01 2.884178422391414642e-02
2.733773887157440186e-01 2.871721610426902771e-02
2.757731676101684570e-01 2.943033725023269653e-02
2.595913708209991455e-01 3.002178482711315155e-02
3.251420259475708008e-01 2.891069464385509491e-02
2.730662524700164795e-01 2.882474847137928009e-02
2.821694612503051758e-01 2.937891706824302673e-02
2.981597483158111572e-01 2.873580902814865112e-02
3.360652327537536621e-01 2.898917719721794128e-02
2.884760200977325439e-01 2.926129847764968872e-02
2.514806389808654785e-01 2.902718074619770050e-02
2.624930739402770996e-01 2.914909459650516510e-02
2.811382710933685303e-01 2.927061356604099274e-02
2.929242253303527832e-01 2.928055636584758759e-02
3.104797005653381348e-01 2.945828251540660858e-02
2.407005131244659424e-01 2.908045053482055664e-02
3.283759951591491699e-01 2.890361286699771881e-02
3.258825540542602539e-01 2.921225503087043762e-02
2.609621286392211914e-01 2.905067056417465210e-02
2.872580885887145996e-01 2.870420366525650024e-02
2.955577969551086426e-01 2.864770218729972839e-02
2.576101422309875488e-01 2.906882204115390778e-02
2.439312636852264404e-01 2.906780317425727844e-02
2.915100455284118652e-01 2.899068407714366913e-02
2.123158425092697144e-01 2.904455363750457764e-02
3.136873245239257812e-01 2.887099608778953552e-02
2.834776639938354492e-01 2.910681627690792084e-02
