8.364643454551696777e-01 1.376109667719357813e-03 9.504759516931651680e-06 1.419026094250301929e-06
9.052046537399291992e-01 8.236949370907846674e-04 1.056121871579370377e-05 1.530500251126351439e-06
9.240155816078186035e-01 1.853949739632860735e-03 1.085032096571143296e-05 1.561301197175839367e-06
8.442286849021911621e-01 2.571416822281394430e-03 9.624088452698324387e-06 1.431996891768062646e-06
7.719842195510864258e-01 1.258133098805854595e-03 8.513774404194600337e-06 1.314719051910167244e-06
8.243162035942077637e-01 1.849478947398402887e-03 9.318056597809890325e-06 1.399477929441914440e-06
7.693310976028442383e-01 8.483684645357647330e-04 8.472998982060732192e-06 1.310359761457720109e-06
8.225544691085815430e-01 6.863746618395518166e-04 9.290980772144660297e-06 1.396377129330881379e-06
8.301464915275573730e-01 7.585509530771698990e-04 9.407661394077108033e-06 1.408681123383207641e-06
8.573905229568481445e-01 2.125728373308205434e-03 9.826370712317719636e-06 1.453163186419263508e-06
9.649586081504821777e-01 1.111331506019517428e-03 1.147956802758182896e-05 1.627798571219456822e-06
9.298178553581237793e-01 8.302033739866288356e-04 1.093949521631898800e-05 1.570535154763742375e-06
7.893213033676147461e-01 2.574250364505044353e-03 8.780225372141082173e-06 1.343159289928370272e-06
7.880569696426391602e-01 2.352369814156652240e-03 8.760794022071357191e-06 1.341021134184545355e-06
7.755880355834960938e-01 1.373409655563026738e-03 8.569160897119157183e-06 1.320563349105407149e-06
7.956052422523498535e-01 1.613372959384081146e-03 8.876802259931055347e-06 1.352961699871890276e-06
8.525135517120361328e-01 1.575053551437852499e-03 9.751417293243373191e-06 1.445088784508750131e-06
7.907920479774475098e-01 6.890117301673236378e-04 8.802829019273388506e-06 1.344996727448579886e-06
8.510805964469909668e-01 1.055867445457779434e-03 9.729394424724314462e-06 1.442653780826643400e-06
1.001607060432434082e+00 1.431932005332570883e-03 1.204281243982589190e-05 1.687608737479657586e-06
8.989192247390747070e-01 2.001878879137904306e-03 1.046461892663885595e-05 1.520541169225678840e-06
8.553721904754638672e-01 2.243294141485730094e-03 9.795351271620894850e-06 1.449931771110548420e-06
7.849490642547607422e-01 2.566197567167955058e-03 8.713029103377429051e-06 1.336094158583891776e-06
8.778247237205505371e-01 8.053882479454454058e-04 1.014042079307643019e-05 1.486013011429900052e-06
8.600650429725646973e-01 5.096569892431039236e-04 9.867474998051202413e-06 1.457156908437113007e-06
8.617182970046997070e-01 2.927813181641057694e-03 9.892883604353481248e-06 1.460509397319827494e-06
8.409370183944702148e-01 2.685637772860495921e-03 9.573499337687925789e-06 1.426712808107354137e-06
8.250618577003479004e-01 1.583877168586037736e-03 9.329516440793685669e-06 1.400608544794801778e-06
8.433974385261535645e-01 6.794664135954888579e-03 9.611313155316068821e-06 1.433901133642079484e-06
8.182846903800964355e-01 6.651087888619149589e-03 9.225359201229858832e-06 1.393167744142169129e-06
8.279889822006225586e-01 8.764772162742847511e-03 9.374502965900894340e-06 1.411559899842116212e-06
9.806004166603088379e-01 4.543822934120298786e-03 1.171996457073653542e-05 1.654674336564002909e-06
1.001590251922607422e+00 4.868666085181288898e-03 1.204255411243009463e-05 1.689091185572792428e-06
9.553472995758056641e-01 4.534221472769664300e-03 1.133185330807903613e-05 1.613550833016005267e-06
8.413681387901306152e-01 7.616710707207144035e-03 9.580125160573760401e-06 1.431595018231381570e-06
9.188468456268310547e-01 5.989529779907139468e-04 1.077088345939442672e-05 1.552660466377629024e-06
8.924598693847656250e-01 1.791931786467583195e-03 1.036534609017571677e-05 1.509984203248779425e-06
8.963767886161804199e-01 7.880117199954594399e-04 1.042554461788795388e-05 1.516147040646742838e-06
9.629383087158203125e-01 4.252113179801568672e-03 1.144851835708336768e-05 1.625727058874490429e-06
9.661133289337158203e-01 4.387310107055804494e-03 1.149731475325129822e-05 1.630980886333108037e-06
9.940598607063293457e-01 4.537885724248377599e-03 1.192682069094890240e-05 1.676600402808433385e-06
8.379697203636169434e-01 6.673971135664422301e-03 9.527895391783668724e-06 1.424993028047274844e-06
8.600621819496154785e-01 6.168183423519783522e-04 9.867431027430641465e-06 1.457162019456414146e-06
8.329984545707702637e-01 6.125437671504580309e-03 9.451492774339987480e-06 1.416375333956182135e-06
9.730656743049621582e-01 4.995306069599119575e-03 1.160416427726990929e-05 1.642710968471349841e-06
9.552755951881408691e-01 4.294416228401295825e-03 1.133075129440121805e-05 1.613279651201853095e-06
8.333263993263244629e-01 1.095102941620261852e-02 9.456532906721830197e-06 1.423735672030591481e-06
8.425557613372802734e-01 6.678022964715648116e-03 9.598377548379685646e-06 1.432411245239618702e-06
8.228063583374023438e-01 1.256915212158256617e-03 9.294852018863245953e-06 1.396878424343652489e-06
8.320505023002624512e-01 7.763709289558104638e-03 9.436923842060669689e-06 1.416735004881923771e-06
8.264067173004150391e-01 1.058170723561954740e-02 9.350185380621293347e-06 1.411942814293765498e-06
8.208281397819519043e-01 1.470426010149155152e-02 9.264449082908877083e-06 1.411689820044943031e-06
8.406075239181518555e-01 9.357827458546165433e-03 9.568435387886614252e-06 1.432796726607322677e-06
8.894992470741271973e-01 4.979352113423537313e-02 1.031984474238610192e-05 1.687770970591940402e-06
8.094306588172912598e-01 9.189935950591274086e-04 9.089282955356892731e-06 1.375167539088279115e-06
7.994053959846496582e-01 3.298684048909087535e-02 8.935206236691634358e-06 1.450087859394583945e-06
8.433628082275390625e-01 8.229199402263898816e-04 9.610780927596358111e-06 1.430105301767800996e-06
8.268358111381530762e-01 2.505423047049230943e-03 9.356780057650895593e-06 1.403797116949578704e-06
8.752636313438415527e-01 2.622028688089245163e-02 1.010105975923728440e-05 1.535452421603744593e-06
8.001518249511718750e-01 2.118291931338581180e-02 8.946677988385164112e-06 1.398386785111366252e-06
8.759194016456604004e-01 9.137764539189279856e-04 1.011113819189177810e-05 1.482934223493784392e-06
8.485851883888244629e-01 1.013184989472017431e-03 9.691042883048890601e-06 1.438600333009948317e-06
8.433431386947631836e-01 4.707604462201473057e-03 9.610478629579999899e-06 1.431840944679811569e-06
8.127915859222412109e-01 2.162151716699024090e-02 9.140936525806712750e-06 1.419839520971370336e-06
7.945883274078369141e-01 2.365537387405248007e-02 8.861173452485290387e-06 1.398999813280439192e-06
8.880823254585266113e-01 1.120028155656150638e-02 1.029806829255310605e-05 1.512418014439735072e-06
8.029535412788391113e-01 6.465815702580700623e-04 8.989737134624435980e-06 1.364653446707220353e-06
8.307230472564697266e-01 8.117277626957825499e-04 9.416522390174809473e-06 1.409622033597393711e-06
8.153607249259948730e-01 2.014213865895557020e-03 9.180421227016187055e-06 1.385036530829576901e-06
8.258177638053894043e-01 1.224293829169118344e-03 9.341133845167824411e-06 1.401747720756652788e-06
8.381708264350891113e-01 2.771012330235334692e-02 9.530986159987290775e-06 1.483858312082334850e-06
8.675423264503479004e-01 1.076321358702074862e-03 9.982392214888222728e-06 1.469362115922192053e-06
7.983266711235046387e-01 3.260623985696951832e-02 8.918627480630824598e-06 1.446422967902553224e-06
8.566383123397827148e-01 2.569325217894439812e-03 9.814810103328472119e-06 1.452112149958093324e-06
7.820883989334106445e-01 1.043345278012254487e-03 8.669063979143675026e-06 1.330988951896896601e-06
8.750780820846557617e-01 1.260379410544626563e-03 1.009820808128296335e-05 1.481628191723121360e-06
8.368229269981384277e-01 6.941001620423370259e-04 9.510270501375337938e-06 1.419490003066056048e-06
8.332288265228271484e-01 8.820299037012130318e-04 9.455033325349770159e-06 1.413691268458002992e-06
7.895742654800415039e-01 2.324448869351274649e-01 8.784113107842379879e-06 3.811191175893537488e-06
8.013969659805297852e-01 3.161145613768265566e-03 8.965814368875291040e-06 1.362963357963051339e-06
8.400115370750427246e-01 4.828999039611125629e-03 9.559275757990932986e-06 1.426543246366866682e-06
8.380076289176940918e-01 2.502407487859103011e-02 9.528478002506106368e-06 1.472322232274833010e-06
8.129157423973083496e-01 5.546195152797358825e-04 9.142844667528154986e-06 1.380760845980971228e-06
7.960264682769775391e-01 2.604787252680353972e-03 8.883276017754114986e-06 1.354006215905481258e-06
7.924947738647460938e-01 1.225605499280660923e-03 8.828997950889540510e-06 1.347838387537207198e-06
8.354078531265258789e-01 2.081585069655534498e-02 9.488522449234788522e-06 1.452706071815978368e-06
8.260145187377929688e-01 3.790806493984057862e-02 9.344157741386010867e-06 1.517822517641810145e-06
8.235111236572265625e-01 1.143950301053847131e-03 9.305683448394852666e-06 1.397996674032670699e-06
8.233900070190429688e-01 1.172360225619188808e-03 9.303822025457757284e-06 1.397806109480406609e-06
8.703052401542663574e-01 4.043785216241840841e-02 1.002485500958613081e-05 1.599051072079026731e-06
8.211408853530883789e-01 1.955598462333054885e-02 9.269255621368985529e-06 1.425979178201884000e-06
8.003587126731872559e-01 2.203667994691714278e-03 8.949857613884505621e-06 1.360841105122758248e-06
7.924827337265014648e-01 2.000169563322352299e-03 8.828812907861344826e-06 1.348037149031490383e-06
8.198418617248535156e-01 5.558025378590027675e-03 9.249291127524955663e-06 1.394555733772828197e-06
8.247234821319580078e-01 6.242528471409948846e-04 9.324315998857713648e-06 1.399882469347489306e-06
8.219312429428100586e-01 7.752135894798615904e-04 9.281402505299052462e-06 1.395379000624791477e-06
8.547909259796142578e-01 7.254480486778407946e-04 9.786417907210186003e-06 1.448623074922549155e-06
8.071985244750976562e-01 2.450735858078829585e-02 9.054977626827704146e-06 1.422104953809175421e-06
8.264630436897277832e-01 1.260208511843104867e-03 9.351051052213592941e-06 1.402800163737003365e-06
9.038105010986328125e-01 3.297220801928959014e-03 1.053979219881600883e-05 1.529018861422193422e-06
8.195897936820983887e-01 7.229259974914973436e-03 9.245417132642584100e-06 1.395951831999545386e-06
8.153515458106994629e-01 1.500970738515660860e-03 9.180280154608552319e-06 1.384868318755533615e-06
