5.867449999999999610e-01 4.353306125220000183e-02 1.877847219640000010e-06 2.669770375749999759e-07
5.552669999999999551e-01 6.339518830639999381e-02 1.684497101299999901e-06 3.887863403980000170e-07
2.786000000000000032e+00 3.711711883189999783e-02 1.538678041829999929e-05 2.276297173699999923e-07
5.612749999999999684e-01 7.665571771580000082e-02 1.721397071619999965e-06 4.701097474039999885e-07
5.871100000000000207e-01 1.801981743540000125e-01 1.880090449040000056e-06 1.105108930580000103e-06
5.547199999999999909e-01 5.939046244809999958e-02 1.681135003119999908e-06 3.642263895199999884e-07
4.974040000000000128e-01 9.328460880149999634e-02 1.329073384320000070e-06 5.720904478759999551e-07
0.000000000000000000e+00 0.000000000000000000e+00 0.000000000000000000e+00 0.000000000000000000e+00
2.526899999999999924e+00 4.574538958780000053e-01 1.379528037079999935e-05 2.805446767029999991e-06
5.799239999999999950e-01 1.516367410309999997e-01 1.835950782600000080e-06 9.299490259500000154e-07
4.594329999999999803e-01 3.521758859860000257e-01 1.095832262110000026e-06 2.159803883340000144e-06
5.034119999999999706e-01 3.536996583520000126e-01 1.365976466680000060e-06 2.169148786280000143e-06
5.162520000000000442e-01 3.365007135299999952e-01 1.444842071100000029e-06 2.063672093259999858e-06
5.161139999999999617e-01 4.216674398870000062e-01 1.443999258290000068e-06 2.585977661689999879e-06
3.159969999999999724e-01 5.200457960819999670e-01 2.147752667780000015e-07 3.189306748660000050e-06
3.830799999999999761e-01 1.081536727430000067e+00 6.268349427090000238e-07 6.632785823279999630e-06
5.308319999999999705e-01 6.699202685980000238e-01 1.534403197050000069e-06 4.108448236289999920e-06
5.618229999999999613e-01 3.865539276919999767e-01 1.724762098779999959e-06 2.370635547089999895e-06
5.747210000000000374e-01 2.255952561139999979e-01 1.803993092940000043e-06 1.383517525209999914e-06
6.101189999999999669e-01 3.613606805349999784e-01 2.021426349300000019e-06 2.216131859570000128e-06
5.942650000000000432e-01 1.402300256200000039e-01 1.924037169189999830e-06 8.599945821009999554e-07
6.106639999999999846e-01 4.741556315719999692e-02 2.024773436479999875e-06 2.907874204699999841e-07
4.391860000000000208e-01 3.539988878729999899e-01 9.714653835860000878e-07 2.170983883760000026e-06
4.871539999999999759e-01 2.139345893519999930e-01 1.266110471360000028e-06 1.312005663220000077e-06
0.000000000000000000e+00 0.000000000000000000e+00 0.000000000000000000e+00 0.000000000000000000e+00
5.294039999999999857e-01 2.704628986520000167e-01 1.525631280429999897e-06 1.658679205619999902e-06
4.914789999999999992e-01 2.826573561119999911e-01 1.292676282549999951e-06 1.733464668299999963e-06
5.226169999999999982e-01 5.397451458330000396e-01 1.483942800670000022e-06 3.310117780260000142e-06
4.758279999999999732e-01 6.860731028930000530e-01 1.196538690450000076e-06 4.207509403240000293e-06
5.205739999999999812e-01 1.973182092459999926e-01 1.471392139049999904e-06 1.210101689359999963e-06
5.406579999999999719e-01 1.680167932739999870e-01 1.594759504549999902e-06 1.030403661970000063e-06
4.736730000000000107e-01 2.251457895569999867e-01 1.183303563770000034e-06 1.380761062730000071e-06
5.043720000000000425e-01 2.677262920380000244e-01 1.371871762870000035e-06 1.641896303029999936e-06
8.045609999999999706e-01 1.171065894890000081e+01 3.215783262810000073e-06 7.181845117940000229e-05
5.349460000000000326e-01 5.062084098629999751e-01 1.559672570299999900e-06 3.104445627609999990e-06
4.503900000000000126e-01 1.202085654230000022e+00 1.040288628099999922e-06 7.372081302059999836e-06
4.901150000000000229e-01 1.302566233969999931e+00 1.284300876029999929e-06 7.988302783870000100e-06
5.265459999999999585e-01 1.431054516220000017e-01 1.508074632909999998e-06 8.776288282069999645e-07
4.741259999999999919e-01 1.243295254349999990e+00 1.186082795760000012e-06 7.624809151710000049e-06
4.079860000000000153e-01 5.920317364770000257e-01 7.798184647170000400e-07 3.630777956089999905e-06
4.366869999999999918e-01 1.284538505420000032e+00 9.561191975479999428e-07 7.877743373969999768e-06
5.541530000000000067e-01 4.369271632460000054e-01 1.677654281410000060e-06 2.679561609600000136e-06
3.860759999999999748e-01 5.056541206900000418e-01 6.452364167070000262e-07 3.101046315070000091e-06
5.384729999999999794e-01 4.520835723230000047e-01 1.581340401580000010e-06 2.772511957659999808e-06
4.780559999999999810e-01 1.477681558980000087e+00 1.210227808389999957e-06 9.062239910300000820e-06
4.709470000000000045e-01 3.425091265040000055e-01 1.166558608689999992e-06 2.100520140470000209e-06
5.035870000000000068e-01 2.782189746970000210e-01 1.367050302460000022e-06 1.706245219729999983e-06
5.127300000000000191e-01 1.924679989239999889e-01 1.423209753650000061e-06 1.180356600309999941e-06
5.782479999999999842e-01 7.027074702400000206e-01 1.825655798519999993e-06 4.309523688220000235e-06
5.911140000000000283e-01 4.433770705830000214e-01 1.904686890069999900e-06 2.719117227880000169e-06
6.087970000000000326e-01 1.872917183410000019e-01 2.013305397560000003e-06 1.148611806449999964e-06
4.739840000000000164e-01 5.736728076839999746e-01 1.185216185019999983e-06 3.518187380529999955e-06
5.401120000000000365e-01 1.156977884000000012e+00 1.591405827169999920e-06 7.095446980409999974e-06
6.172320000000000029e-01 6.904167012609999654e-01 2.065115685699999856e-06 4.234147571829999667e-06
6.122159999999999824e-01 3.123174992919999782e-01 2.034306154590000198e-06 1.915362677140000083e-06
4.712609999999999855e-01 2.599166570840000245e-01 1.168484410329999908e-06 1.594001825939999957e-06
5.984110000000000262e-01 5.611935052799999823e+00 1.949507177290000174e-06 3.441655037270000082e-05
4.901989999999999958e-01 4.222425188849999733e-01 1.284813263749999930e-06 2.589504472869999891e-06
5.160139999999999727e-01 4.163074055710000110e+00 1.443383807240000053e-06 2.553105953569999870e-05
5.251869999999999594e-01 4.539538916290000170e-01 1.499727417789999940e-06 2.783982143619999811e-06
5.025039999999999507e-01 3.479794744049999888e-01 1.360396767640000047e-06 2.134068373359999986e-06
5.457880000000000509e-01 4.095570917640000141e-01 1.626270891509999986e-06 2.511708019879999890e-06
4.872779999999999889e-01 3.657940098470000012e-01 1.266870540599999985e-06 2.243320324890000186e-06
5.561949999999999950e-01 9.193623872289999888e-01 1.690194325499999937e-06 5.638212419260000066e-06
0.000000000000000000e+00 0.000000000000000000e+00 0.000000000000000000e+00 0.000000000000000000e+00
5.209009999999999474e-01 2.836643712710000265e-01 1.473402514859999922e-06 1.739640432569999980e-06
6.045949999999999935e-01 4.154811581710000090e-01 1.987494163780000168e-06 2.548038791350000155e-06
6.419110000000000094e-01 1.005366389500000013e+00 2.216707761099999842e-06 6.165652784919999686e-06
6.113039999999999585e-01 1.036036317700000042e+00 2.028704854350000135e-06 6.353743544879999709e-06
5.488659999999999650e-01 4.235836564689999806e-01 1.645173769559999919e-06 2.597729323800000054e-06
5.418319999999999803e-01 1.271676212450000010e-01 1.601969910910000088e-06 7.798862248340000134e-07
4.473360000000000114e-01 2.678414288209999827e-01 1.021525608639999902e-06 1.642602407219999974e-06
4.618570000000000175e-01 9.652896621440000269e-01 1.110721894030000025e-06 5.919872551770000296e-06
4.560100000000000264e-01 5.237977225259999869e-01 1.074808988579999943e-06 3.212316345929999862e-06
4.715440000000000187e-01 1.030057745059999919e+00 1.170224222000000022e-06 6.317078500739999729e-06
5.049700000000000299e-01 1.671530622359999885e-01 1.375546163109999997e-06 1.025106622270000038e-06
5.118810000000000304e-01 2.888266168709999748e-01 1.417996542719999996e-06 1.771299153500000039e-06
5.041719999999999535e-01 1.915849353409999900e-01 1.370645620350000103e-06 1.174940999100000004e-06
4.608380000000000254e-01 6.019520685620000089e-01 1.104460841980000085e-06 3.691616794329999889e-06
5.089399999999999480e-01 1.286388446620000126e-01 1.399933548489999953e-06 7.889088586279999958e-07
5.008479999999999599e-01 1.501948147799999911e-01 1.350224434419999931e-06 9.211060641209999635e-07
5.392869999999999608e-01 2.754847074010000063e-01 1.586336502180000026e-06 1.689476663570000052e-06
5.838619999999999921e-01 4.637488205240000161e-01 1.860140095990000098e-06 2.844051916439999809e-06
4.581779999999999742e-01 3.691900136779999730e-01 1.088123563729999927e-06 2.264147140570000191e-06
4.868290000000000117e-01 1.921539591790000001e+00 1.264112360630000070e-06 1.178430675539999948e-05
5.657539999999999791e-01 9.419176547919999587e-02 1.748912237119999922e-06 5.776538058270000089e-07
5.485590000000000188e-01 3.947841328880000167e-01 1.643290804200000041e-06 2.421109273010000139e-06
4.102469999999999728e-01 6.772893386649999625e-01 7.937096819889999960e-07 4.153640842549999727e-06
4.733370000000000077e-01 5.803888399690000366e-01 1.181239001899999966e-06 3.559375074480000196e-06
5.160519999999999552e-01 3.591896211760000068e-01 1.443615196329999903e-06 2.202817312430000105e-06
4.671279999999999877e-01 4.926701582960000270e-01 1.143098061109999900e-06 3.021419022240000180e-06
5.592719999999999914e-01 8.810632421569999928e-02 1.709092443969999984e-06 5.403333639810000405e-07
5.184910000000000352e-01 5.509247390839999703e-01 1.458596907930000038e-06 3.378679342480000196e-06
4.072020000000000084e-01 1.708384083099999895e+00 7.750019469509999513e-07 1.047707899300000038e-05
5.153929999999999900e-01 1.631938944140000070e-01 1.439570646769999939e-06 1.000826067079999955e-06
4.639969999999999928e-01 2.417273292079999969e-01 1.123866771640000100e-06 1.482451369069999947e-06
4.253979999999999984e-01 1.330699366829999897e-01 8.867738630880000292e-07 8.160836032210000343e-07
5.348500000000000476e-01 2.441606506700000068e-01 1.559082747780000051e-06 1.497374302049999940e-06
4.708410000000000095e-01 2.670285500310000115e-01 1.165907643810000047e-06 1.637617231250000011e-06
5.037260000000000071e-01 3.557240291670000221e-01 1.367902268319999977e-06 2.181563730409999878e-06
5.772220000000000129e-01 5.590750515289999445e-01 1.819354106920000032e-06 3.428663106749999912e-06
5.988499999999999934e-01 2.978450137040000167e-01 1.952200736719999863e-06 1.826606655449999923e-06
5.325419999999999598e-01 2.235928827900000027e-01 1.544904673929999964e-06 1.371237486020000064e-06
5.549030000000000351e-01 1.874525465430000037e-01 1.682257166999999918e-06 1.149598124340000026e-06
4.511979999999999880e-01 1.231603439369999969e-01 1.045252693019999924e-06 7.553106265719999723e-07
4.852369999999999739e-01 1.420612686019999960e-01 1.254336903640000026e-06 8.712251230380000062e-07
5.493360000000000465e-01 3.027592809860000234e-01 1.648066133240000024e-06 1.856744589310000095e-06
5.925820000000000531e-01 2.101950796990000037e-01 1.913699348840000199e-06 1.289072214929999903e-06
5.989649999999999697e-01 3.118215938750000249e-01 1.952909915010000115e-06 1.912321417099999829e-06
6.206030000000000157e-01 2.463673773030000125e-01 2.085823545139999903e-06 1.510907587369999982e-06
4.366909999999999958e-01 5.803112871109999960e-01 9.561380528299999735e-07 3.558899462800000052e-06
5.277809999999999446e-01 1.021619180999999987e-01 1.515660314310000065e-06 6.265326963650000215e-07
5.563810000000000144e-01 8.488995467599999567e-02 1.691336626090000102e-06 5.206081990890000077e-07
5.628189999999999582e-01 1.062868398930000013e-01 1.730884390599999959e-06 6.518297779160000301e-07
5.904279999999999529e-01 4.982462583459999761e-02 1.900469164810000040e-06 3.055615805779999889e-07
5.785040000000000182e-01 2.120835535270000072e-01 1.827229390809999974e-06 1.300653737879999992e-06
5.186490000000000267e-01 1.358631287929999987e-01 1.459566032829999954e-06 8.332135300739999496e-07
4.868910000000000182e-01 4.957074313909999863e-01 1.264493493610000022e-06 3.040045834820000040e-06
5.429599999999999982e-01 3.552447568109999843e-01 1.608899501709999908e-06 2.178624476650000001e-06
5.869919999999999582e-01 3.454223405419999948e-01 1.879367358119999923e-06 2.118386130849999888e-06
5.447950000000000292e-01 1.984999896599999869e-01 1.620168004149999947e-06 1.217349243859999948e-06
5.968120000000000092e-01 2.289060793500000135e-01 1.939683392199999869e-06 1.403821950259999952e-06
4.985439999999999872e-01 1.188491549690000038e-01 1.336073087479999913e-06 7.288712164819999743e-07
5.178000000000000380e-01 2.450015649239999926e-01 1.454355750870000030e-06 1.502531412300000047e-06
5.202170000000000405e-01 2.060035599439999920e-01 1.469198336119999951e-06 1.263366705249999949e-06
5.056450000000000111e-01 1.876368883070000104e-01 1.379693592949999909e-06 1.150728644829999948e-06
5.653150000000000119e-01 2.548612529679999961e-01 1.746215016460000037e-06 1.562998336280000087e-06
5.195929999999999715e-01 2.283445408589999948e-01 1.465366869550000062e-06 1.400378179519999994e-06
