6.678196787834167480e-02 5.865162611007690430e-02
9.580814838409423828e-02 5.882216617465019226e-02
-2.578404903411865234e+00 2.357541769742965698e-02
7.528370618820190430e-02 5.895457044243812561e-02
6.571662425994873047e-02 6.039094179868698120e-02
1.137028038501739502e-01 5.816233530640602112e-02
5.984565615653991699e-02 5.879469215869903564e-02
-2.698741674423217773e+00 1.265471428632736206e-01
-2.464644432067871094e+00 2.624596282839775085e-02
8.162306249141693115e-02 5.859972909092903137e-02
8.210363984107971191e-02 5.865226313471794128e-02
3.305743634700775146e-02 5.929959937930107117e-02
1.004489511251449585e-01 5.926772952079772949e-02
8.195096254348754883e-02 5.879545956850051880e-02
6.502392888069152832e-02 5.890016630291938782e-02
9.800206124782562256e-02 5.879157781600952148e-02
7.800975441932678223e-02 5.931953340768814087e-02
9.343709051609039307e-02 5.880051478743553162e-02
9.525328874588012695e-02 5.868120491504669189e-02
8.030726015567779541e-02 5.900245159864425659e-02
6.954869627952575684e-02 5.873908847570419312e-02
1.995132863521575928e-02 5.942727997899055481e-02
1.173597872257232666e-01 5.866989493370056152e-02
6.785926222801208496e-02 5.857499688863754272e-02
7.199554145336151123e-02 6.010663509368896484e-02
8.481566607952117920e-02 5.870141461491584778e-02
5.827923119068145752e-02 5.882729589939117432e-02
4.371178150177001953e-02 5.892122909426689148e-02
9.594233334064483643e-02 5.903009697794914246e-02
8.261319994926452637e-02 5.862290412187576294e-02
5.037891864776611328e-02 5.883777514100074768e-02
6.365907192230224609e-02 5.857113376259803772e-02
8.323688805103302002e-02 5.867337062954902649e-02
3.924582898616790771e-02 5.966916307806968689e-02
4.889360070228576660e-02 5.910487473011016846e-02
8.562622964382171631e-02 5.929444730281829834e-02
9.247495979070663452e-02 6.311626732349395752e-02
8.818759024143218994e-02 5.810227245092391968e-02
7.427777349948883057e-02 5.924899876117706299e-02
5.339275300502777100e-02 5.846837535500526428e-02
7.968446612358093262e-02 5.869107693433761597e-02
6.948764622211456299e-02 5.839203298091888428e-02
9.065742790699005127e-02 5.852914601564407349e-02
7.181736826896667480e-02 5.876666307449340820e-02
6.934176385402679443e-02 5.929485335946083069e-02
7.774853706359863281e-02 5.884538590908050537e-02
5.766521394252777100e-02 5.842203274369239807e-02
6.285117566585540771e-02 5.844058468937873840e-02
5.107150971889495850e-02 5.866036191582679749e-02
7.164767384529113770e-02 5.870269611477851868e-02
-5.552560091018676758e-03 5.898809805512428284e-02
8.050507307052612305e-02 5.853310227394104004e-02
8.492174744606018066e-02 5.848173797130584717e-02
7.267694175243377686e-02 5.885027348995208740e-02
8.957205712795257568e-02 5.828252807259559631e-02
3.442586958408355713e-02 5.865080654621124268e-02
9.383818507194519043e-02 5.979955941438674927e-02
9.140579402446746826e-02 5.860882624983787537e-02
4.749687016010284424e-02 5.958763137459754944e-02
6.649544835090637207e-02 5.862606689333915710e-02
6.712244451045989990e-02 5.890362337231636047e-02
9.546792507171630859e-02 5.843477696180343628e-02
6.888063251972198486e-02 5.907214805483818054e-02
5.895695090293884277e-02 5.879300087690353394e-02
8.613616228103637695e-02 5.973618850111961365e-02
7.158844172954559326e-02 5.879354476928710938e-02
4.734709858894348145e-03 5.924856662750244141e-02
5.780433118343353271e-02 5.938224121928215027e-02
8.687305450439453125e-02 5.867826566100120544e-02
7.498279213905334473e-03 5.933275073766708374e-02
7.279796898365020752e-02 5.933313816785812378e-02
5.845865607261657715e-02 5.905920639634132385e-02
9.199374914169311523e-02 5.979817733168601990e-02
1.179604977369308472e-01 5.874186754226684570e-02
7.130451500415802002e-02 5.937120690941810608e-02
5.619946122169494629e-02 5.920104682445526123e-02
8.351100981235504150e-02 5.859957635402679443e-02
6.587654352188110352e-02 5.916047096252441406e-02
9.949943423271179199e-02 5.899536237120628357e-02
7.254105806350708008e-02 5.900104343891143799e-02
7.992970943450927734e-02 5.910698696970939636e-02
9.114606678485870361e-02 5.912125855684280396e-02
7.920457422733306885e-02 5.921451002359390259e-02
9.631857275962829590e-02 5.979273095726966858e-02
9.305895864963531494e-02 5.997645854949951172e-02
9.627567231655120850e-02 5.889842659235000610e-02
1.097266077995300293e-01 5.867642909288406372e-02
8.465501666069030762e-02 5.877731367945671082e-02
9.103150665760040283e-02 5.858322605490684509e-02
9.423461556434631348e-02 5.878821015357971191e-02
9.790034592151641846e-02 5.894726142287254333e-02
8.262796700000762939e-02 5.847835540771484375e-02
9.246580302715301514e-02 5.857716128230094910e-02
6.579604744911193848e-02 6.027800962328910828e-02
8.391828835010528564e-02 5.863479152321815491e-02
8.977624773979187012e-02 5.838280543684959412e-02
9.779006242752075195e-02 5.839674547314643860e-02
8.856244385242462158e-02 5.861597508192062378e-02
8.554886281490325928e-02 5.860121548175811768e-02
7.806621491909027100e-02 5.844696238636970520e-02
1.032472699880599976e-01 5.852511525154113770e-02
9.814900159835815430e-02 5.870334059000015259e-02
3.764766454696655273e-02 5.858613178133964539e-02
9.996104240417480469e-02 5.822268128395080566e-02
7.811820507049560547e-02 5.849446356296539307e-02
1.154387742280960083e-01 5.803111940622329712e-02
1.294927299022674561e-01 5.846258252859115601e-02
1.104317158460617065e-01 5.841015279293060303e-02
7.277521491050720215e-02 5.926793813705444336e-02
9.225688874721527100e-02 5.829617008566856384e-02
9.589578211307525635e-02 5.936121568083763123e-02
8.894729614257812500e-02 5.797274410724639893e-02
9.103937447071075439e-02 5.813622847199440002e-02
9.470151364803314209e-02 5.809760838747024536e-02
9.364473819732666016e-02 5.822046101093292236e-02
9.083363413810729980e-02 5.827368423342704773e-02
9.407632052898406982e-02 5.797328427433967590e-02
8.451044559478759766e-02 5.902889370918273926e-02
8.516255021095275879e-02 5.834313109517097473e-02
9.399932622909545898e-02 5.859149247407913208e-02
9.668597579002380371e-02 5.809964612126350403e-02
1.002645045518875122e-01 5.816749110817909241e-02
1.185256466269493103e-01 5.714689567685127258e-02
6.662403047084808350e-02 5.842988193035125732e-02
8.744709193706512451e-02 5.821025371551513672e-02
8.072626590728759766e-02 5.847608670592308044e-02
8.162049949169158936e-02 5.854505300521850586e-02
9.415285289287567139e-02 5.868492275476455688e-02
