5.110977590084075928e-02 5.516950041055679321e-02
8.468091487884521484e-02 5.470959469676017761e-02
-8.776061236858367920e-02 5.556992068886756897e-02
5.792549252510070801e-02 5.451872572302818298e-02
6.541746854782104492e-02 5.476447194814682007e-02
6.637582182884216309e-02 5.487999320030212402e-02
4.780469834804534912e-02 5.514988675713539124e-02
8.156549930572509766e-02 5.498862266540527344e-02
7.953329384326934814e-02 5.447300523519515991e-02
6.701707839965820312e-02 5.495098605751991272e-02
1.954093575477600098e-03 5.541937798261642456e-02
1.418083906173706055e-02 5.554024502635002136e-02
2.584494650363922119e-02 5.518629029393196106e-02
9.006246924400329590e-03 5.538643151521682739e-02
-1.328583061695098877e-02 5.547896772623062134e-02
8.821146190166473389e-02 5.477318912744522095e-02
7.624883949756622314e-02 5.502488464117050171e-02
9.712447226047515869e-02 5.493092164397239685e-02
-1.580780744552612305e-02 5.559227243065834045e-02
1.041276305913925171e-01 5.479940399527549744e-02
7.918298244476318359e-02 5.520847812294960022e-02
7.046082615852355957e-02 5.502768978476524353e-02
8.488892018795013428e-02 5.490061268210411072e-02
4.872870445251464844e-02 5.529893189668655396e-02
1.009027361869812012e-01 5.477799475193023682e-02
4.661011695861816406e-02 5.485826358199119568e-02
6.345885992050170898e-02 5.509681627154350281e-02
6.187278032302856445e-02 5.503911525011062622e-02
3.651265799999237061e-02 5.538917332887649536e-02
2.299503982067108154e-02 5.507896468043327332e-02
5.405515432357788086e-02 5.519099533557891846e-02
2.257497608661651611e-02 5.451709404587745667e-02
3.868670761585235596e-02 5.465425550937652588e-02
5.851784348487854004e-02 5.494320392608642578e-02
4.123967885971069336e-02 5.446371808648109436e-02
-2.028337121009826660e-02 5.566515773534774780e-02
3.583088517189025879e-02 5.542501434683799744e-02
2.564123272895812988e-02 5.543214455246925354e-02
8.427634835243225098e-03 5.545187741518020630e-02
4.114839434623718262e-02 5.497929826378822327e-02
3.728212416172027588e-02 5.510353296995162964e-02
3.366264700889587402e-02 5.548296123743057251e-02
2.602818608283996582e-02 5.533915385603904724e-02
-2.499982714653015137e-02 5.558753758668899536e-02
4.305991530418395996e-02 5.506118014454841614e-02
4.027295112609863281e-02 5.532569065690040588e-02
9.785130620002746582e-03 5.515700206160545349e-02
1.332646608352661133e-02 5.582588911056518555e-02
3.590270876884460449e-02 5.522714555263519287e-02
5.658714473247528076e-02 5.462540686130523682e-02
-1.458434760570526123e-02 5.567685887217521667e-02
6.539803743362426758e-02 5.504900217056274414e-02
4.085503518581390381e-02 5.478180572390556335e-02
7.446604967117309570e-02 5.486043542623519897e-02
6.273935735225677490e-02 5.469826608896255493e-02
3.827750682830810547e-02 5.547323822975158691e-02
2.735410630702972412e-02 5.526363104581832886e-02
-3.893745541572570801e-01 5.775715410709381104e-02
4.188285768032073975e-02 5.484496057033538818e-02
-1.769083738327026367e-02 5.542471632361412048e-02
4.779964685440063477e-02 5.496443435549736023e-02
-9.662911295890808105e-03 5.571930855512619019e-02
5.514055490493774414e-02 5.489515140652656555e-02
6.123399734497070312e-02 5.498533695936203003e-02
1.060219109058380127e-02 5.566907674074172974e-02
1.682037115097045898e-02 5.571018531918525696e-02
2.968668937683105469e-02 5.597494170069694519e-02
-4.948213696479797363e-03 5.499601364135742188e-02
-1.394048333168029785e-03 5.503519624471664429e-02
3.247006237506866455e-02 5.486937239766120911e-02
3.268142044544219971e-02 5.521342903375625610e-02
2.700695395469665527e-02 5.509053170680999756e-02
2.699482440948486328e-02 5.558978021144866943e-02
-3.761045634746551514e-02 5.594209209084510803e-02
3.124193847179412842e-02 5.535129085183143616e-02
5.469551682472229004e-02 5.504577979445457458e-02
5.640923976898193359e-02 5.492472648620605469e-02
4.350629448890686035e-02 5.522620677947998047e-02
2.029925584793090820e-02 5.533191189169883728e-02
-7.407966256141662598e-02 5.612160265445709229e-02
-1.160834431648254395e-01 5.655649304389953613e-02
2.863621711730957031e-02 5.516176670789718628e-02
-5.126446485519409180e-02 5.585814267396926880e-02
3.874371945858001709e-02 5.502343177795410156e-02
1.393978297710418701e-02 5.549482628703117371e-02
-4.453703761100769043e-03 5.599738284945487976e-02
-8.089095354080200195e-04 5.530844256281852722e-02
2.215237915515899658e-02 5.534723401069641113e-02
1.591801643371582031e-03 5.575514212250709534e-02
3.928773105144500732e-02 5.548457056283950806e-02
2.835454046726226807e-02 5.541529878973960876e-02
1.141011714935302734e-02 5.570673197507858276e-02
2.163067460060119629e-03 5.549461394548416138e-02
1.665142178535461426e-02 5.552751198410987854e-02
-1.539437472820281982e-02 5.580272153019905090e-02
-2.411963045597076416e-02 5.602212995290756226e-02
-4.655878245830535889e-02 5.585728213191032410e-02
3.267988562583923340e-03 5.533979833126068115e-02
1.197056472301483154e-02 5.544069409370422363e-02
-7.017433643341064453e-03 5.567199364304542542e-02
-1.876346766948699951e-02 5.571053177118301392e-02
3.971935808658599854e-02 5.568197369575500488e-02
-1.442030072212219238e-02 5.565112829208374023e-02
-1.067462563514709473e-02 5.564641579985618591e-02
1.471821963787078857e-02 5.566372349858283997e-02
2.099573612213134766e-02 5.550708249211311340e-02
6.700515747070312500e-03 5.553502216935157776e-02
4.147097468376159668e-03 5.581644922494888306e-02
4.591599106788635254e-03 5.537696555256843567e-02
-1.441815495491027832e-02 5.570519343018531799e-02
-8.307531476020812988e-03 5.574532970786094666e-02
2.146816253662109375e-02 5.507299304008483887e-02
2.618864178657531738e-02 5.525556579232215881e-02
-3.713943064212799072e-02 5.621640756726264954e-02
1.250615715980529785e-02 5.575744062662124634e-02
-5.676545202732086182e-02 5.600478500127792358e-02
2.473263442516326904e-02 5.541685968637466431e-02
-4.941418766975402832e-02 5.570564046502113342e-02
-4.563480615615844727e-03 5.561014264822006226e-02
3.663539886474609375e-03 5.553912371397018433e-02
1.739332079887390137e-02 5.535522848367691040e-02
3.575541079044342041e-02 5.532347038388252258e-02
1.740948855876922607e-02 5.548284202814102173e-02
5.118523538112640381e-02 5.523956194519996643e-02
-2.568918466567993164e-02 5.566711723804473877e-02
5.599096417427062988e-02 5.525240302085876465e-02
2.867010235786437988e-02 5.524203926324844360e-02
3.786176443099975586e-03 5.553662776947021484e-02
-5.477130413055419922e-02 5.592692270874977112e-02
-1.258504390716552734e-02 5.584976822137832642e-02
4.479977488517761230e-02 5.531749874353408813e-02
8.839353919029235840e-03 5.556350946426391602e-02
-1.138977706432342529e-02 5.562644079327583313e-02
4.691140353679656982e-02 5.500147491693496704e-02
8.983910083770751953e-04 5.567855760455131531e-02
2.683800458908081055e-02 5.527824535965919495e-02
3.890836238861083984e-02 5.528480187058448792e-02
5.044847726821899414e-03 5.547718331217765808e-02
-2.141147851943969727e-03 5.566742643713951111e-02
3.504924476146697998e-02 5.526272580027580261e-02
4.745414853096008301e-02 5.541147291660308838e-02
7.683739066123962402e-03 5.545233562588691711e-02
5.778273940086364746e-02 5.533408746123313904e-02
2.583031356334686279e-02 5.565647408366203308e-02
4.241891205310821533e-02 5.541140958666801453e-02
3.994405269622802734e-04 5.567384883761405945e-02
-3.756448626518249512e-02 5.600231140851974487e-02
4.936142265796661377e-02 5.556547641754150391e-02
6.332606077194213867e-03 5.563332140445709229e-02
5.707561969757080078e-02 5.505298823118209839e-02
5.699387192726135254e-02 5.520375445485115051e-02
7.177968323230743408e-02 5.503356456756591797e-02
7.614134252071380615e-02 5.527969822287559509e-02
-4.425331950187683105e-03 5.560769513249397278e-02
3.295834362506866455e-02 5.547172203660011292e-02
6.298732757568359375e-02 5.533840507268905640e-02
3.098358213901519775e-02 5.546547845005989075e-02
1.322492957115173340e-02 5.549080297350883484e-02
4.920390248298645020e-02 5.515072122216224670e-02
1.394605636596679688e-02 5.507028102874755859e-02
6.597527861595153809e-02 5.486579239368438721e-02
5.592429637908935547e-02 5.527920275926589966e-02
6.546539068222045898e-02 5.484891310334205627e-02
7.508367300033569336e-02 5.483935773372650146e-02
-1.126076281070709229e-02 5.525491014122962952e-02
4.010014235973358154e-02 5.499118566513061523e-02
5.509983003139495850e-02 5.476871877908706665e-02
3.377477824687957764e-02 5.518130958080291748e-02
2.720843255519866943e-02 5.525726079940795898e-02
3.973500430583953857e-02 5.500137433409690857e-02
5.376057326793670654e-02 5.499378964304924011e-02
5.132037401199340820e-02 5.522283166646957397e-02
2.899450063705444336e-02 5.502388253808021545e-02
2.462494373321533203e-02 5.497450008988380432e-02
6.939351558685302734e-02 5.470497906208038330e-02
8.513410389423370361e-02 5.458746105432510376e-02
5.217814445495605469e-02 5.485015735030174255e-02
7.371552288532257080e-02 5.491945520043373108e-02
3.317210078239440918e-02 5.567859485745429993e-02
6.497535109519958496e-02 5.498586222529411316e-02
6.164088845252990723e-02 5.504717677831649780e-02
1.003933846950531006e-01 5.432923883199691772e-02
3.336022794246673584e-02 5.476259440183639526e-02
-6.657727062702178955e-02 5.541873350739479065e-02
6.525030732154846191e-02 5.467639863491058350e-02
6.723555922508239746e-02 5.473574623465538025e-02
4.466746747493743896e-02 5.457834526896476746e-02
-3.752385079860687256e-02 5.516037717461585999e-02
3.338868916034698486e-02 5.483097210526466370e-02
5.079767107963562012e-02 5.469793081283569336e-02
3.411661088466644287e-02 5.483122542500495911e-02
4.935905337333679199e-02 5.464688315987586975e-02
5.240896344184875488e-02 5.456556379795074463e-02
9.926581382751464844e-02 5.425707250833511353e-02
7.935528457164764404e-02 5.434221774339675903e-02
9.110820293426513672e-02 5.419807881116867065e-02
1.302432417869567871e-01 5.476534739136695862e-02
1.046255826950073242e-01 6.071735545992851257e-02
8.698651194572448730e-02 5.424883589148521423e-02
