6.145595908164978027e-01 4.739826838867642819e-03 2.303539110626819886e-06 3.185462580843954465e-08
5.636809468269348145e-01 1.122658662031839234e-02 1.961058048404813164e-06 7.544974279729434652e-08
7.337434291839599609e-01 3.652662894646764320e-03 3.105805137452489954e-06 2.454819841923627000e-08
5.723878145217895508e-01 9.179826336444400423e-03 2.019666868588229230e-06 6.169422277961418803e-08
5.944292545318603516e-01 6.329105116762459744e-03 2.168035126773337248e-06 4.253557820794012562e-08
6.059483289718627930e-01 5.234965930780633402e-03 2.245573845195858193e-06 3.518227279475581182e-08
5.993868112564086914e-01 3.254692912683883766e-03 2.201406088731314126e-06 2.187358913721287804e-08
5.934999585151672363e-01 5.759365630411672314e-03 2.161779726433245637e-06 3.870656951986477933e-08
5.527412295341491699e-01 1.254330422620431561e-02 1.887419175489680885e-06 8.429891557443759011e-08
5.910971164703369141e-01 4.450790858726431584e-03 2.145605398044422791e-06 2.991212172430860566e-08
6.523591279983520508e-01 4.184338517525158264e-03 2.557980358082182963e-06 2.812139393755743987e-08
6.376158595085144043e-01 4.647668427750423388e-03 2.458738517948636375e-06 3.123526316059634423e-08
6.282537579536437988e-01 6.347004202448930724e-03 2.395719100886339120e-06 4.265587135286690158e-08
6.524513959884643555e-01 5.841372911947243472e-03 2.558601444588915431e-06 3.925771017451094904e-08
6.428989171981811523e-01 7.818115638045719171e-03 2.494300535083140859e-06 5.254266804323869214e-08
6.030965447425842285e-01 5.076397581338885738e-03 2.226377537757483056e-06 3.411659347602874408e-08
6.283065676689147949e-01 3.832652770257756209e-03 2.396074580631148739e-06 2.575784390456912035e-08
6.183297634124755859e-01 7.174312377149096205e-03 2.328917395388018963e-06 4.821590407752923231e-08
6.713733077049255371e-01 6.795893481944322891e-03 2.685971121053838631e-06 4.567269042956589214e-08
5.989393591880798340e-01 6.969051409234092338e-03 2.198394140148601677e-06 4.683642091320911500e-08
6.376836299896240234e-01 7.717401415841425132e-03 2.459194703580518742e-06 5.186580494866364593e-08
5.989174842834472656e-01 4.386906049827431556e-03 2.198246892895391153e-06 2.948277551578604015e-08
5.936275124549865723e-01 5.199998069317987928e-03 2.162638334394748892e-06 3.494726671118335533e-08
6.277694106101989746e-01 3.969633566811054011e-03 2.392458797944669060e-06 2.667844125242281030e-08
5.775963664054870605e-01 7.086405304015109576e-03 2.054727362380734047e-06 4.762511310229030359e-08
5.871417522430419922e-01 1.067770845657718855e-02 2.118980526864350366e-06 7.176093535457846610e-08
6.115534305572509766e-01 6.339927907475092876e-03 2.283303646823821818e-06 4.260831418756008140e-08
6.240617036819458008e-01 6.071147032748590994e-03 2.367500990353402245e-06 4.080193718689242009e-08
6.461054682731628418e-01 7.064641583666525677e-03 2.515884896066781532e-06 4.747884717497442690e-08
6.085520982742309570e-01 6.515722849736321071e-03 2.263100681733385072e-06 4.378976707500047164e-08
6.225761771202087402e-01 3.236576203446106872e-03 2.357501417351278790e-06 2.175183342476420100e-08
5.604591369628906250e-01 8.118570508952390949e-03 1.939370975440731437e-06 5.456191427531023362e-08
5.694823265075683594e-01 1.082188853655860830e-02 2.000109063124940401e-06 7.272991642772167768e-08
5.745959877967834473e-01 7.461293091302646785e-03 2.034530816789074866e-06 5.014459547794842875e-08
5.654998421669006348e-01 1.427447672990161606e-02 1.973301637448379991e-06 9.593348666529022842e-08
5.658432245254516602e-01 1.311006860411302599e-02 1.975613058226987805e-06 8.810792965735462707e-08
5.241701602935791016e-01 4.585435150048322583e-02 1.695097812830404614e-06 3.081701628335246161e-07
5.412440299987792969e-01 2.346800438913747289e-02 1.810027704320371311e-06 1.577197909756100254e-07
5.962312221527099609e-01 2.419525408152106358e-02 2.180164769713602279e-06 1.626073675913238146e-07
5.894541144371032715e-01 2.013071922770649086e-02 2.134545805306648044e-06 1.352911298351454834e-07
5.345184803009033203e-01 7.298721534135999001e-02 1.764755794066081246e-06 4.905201207845105201e-07
5.677109360694885254e-01 1.094029156013381389e-02 1.988185245364232665e-06 7.352565942399475598e-08
5.446954369544982910e-01 6.172095802482055471e-02 1.833260271615158813e-06 4.148037658879472668e-07
5.638737082481384277e-01 7.652053839123552914e-02 1.962355589595234395e-06 5.142662801781749329e-07
6.070128679275512695e-01 1.350055301046387130e-02 2.252739610706347924e-06 9.073223115004554605e-08
5.104262828826904297e-01 5.159445843683086591e-02 1.602583206197103274e-06 3.467473017826482338e-07
6.061887145042419434e-01 1.232389388944404862e-02 2.247191960106485922e-06 8.282433972734361828e-08
5.363904237747192383e-01 1.172696840857516271e-01 1.777356467729151660e-06 7.881262400965636846e-07
5.859257578849792480e-01 4.025462119013077655e-02 2.110795264704243892e-06 2.705364433478842138e-07
5.772331953048706055e-01 1.274702988808570567e-02 2.052282737002491739e-06 8.566808051388055132e-08
5.952276587486267090e-01 2.782796584660540001e-02 2.173409450906204969e-06 1.870214818365444183e-07
5.499966144561767578e-01 1.497123942800873860e-02 1.868944259226437896e-06 1.006161714510457366e-07
5.219097733497619629e-01 1.039132865605042616e-01 1.679882397071485125e-06 6.983628247273289689e-07
5.214878916740417480e-01 5.790672449814197875e-02 1.677042571299746904e-06 3.891697109174121640e-07
5.307540297508239746e-01 1.654568501312205647e-02 1.739416026297548412e-06 1.111974387999424289e-07
5.643463730812072754e-01 4.203026686019301073e-02 1.965537253676879696e-06 2.824699021663336890e-07
5.410172343254089355e-01 6.161227084208260180e-02 1.808501067267324320e-06 4.140733194699683665e-07
9.865080714225769043e-01 4.525999282149704983e-02 4.807247950743761828e-06 3.041756976433940733e-07
5.773111581802368164e-01 2.351719419939741693e-02 2.052807531027559872e-06 1.580503775250108798e-07
6.271243095397949219e-01 1.602744665113816150e-02 2.388116408240299719e-06 1.077145501498331048e-07
5.225610733032226562e-01 2.858971847782343020e-02 1.684266513517908644e-06 1.921409399625382677e-07
5.750747919082641602e-01 2.407333873562758284e-02 2.037753806394100854e-06 1.617880195738187730e-07
5.246594548225402832e-01 3.616295185474424634e-02 1.698391416921984250e-06 2.430378447615817742e-07
5.725926160812377930e-01 1.263594768807766063e-02 2.021045455950717019e-06 8.492153806928782711e-08
5.617383122444152832e-01 2.942040310673948306e-02 1.947981529394853346e-06 1.977236645890912743e-07
5.082422494888305664e-01 8.181296543967649104e-02 1.587881751559065092e-06 5.498347279248498530e-07
5.089676976203918457e-01 9.716465252336013714e-02 1.592764984035446480e-06 6.530077475737755412e-07
5.787129402160644531e-01 1.789133723305364604e-02 2.062243391793276307e-06 1.202410704327928479e-07
5.803673267364501953e-01 3.166558350932573151e-02 2.073379617297708353e-06 2.128126929498642118e-07
6.011416912078857422e-01 1.528725188344163925e-02 2.213218768919435781e-06 1.027399744634414680e-07
5.281048417091369629e-01 7.833140135824619155e-02 1.721583461130738473e-06 5.264364214439825185e-07
5.703575015068054199e-01 2.165595614063560090e-02 2.006000156909403874e-06 1.455416838706139032e-07
4.944256246089935303e-01 9.585134458142459402e-02 1.494877457534635486e-06 6.441814898888845177e-07
6.076669096946716309e-01 3.454021612965747084e-02 2.257142183211757156e-06 2.321320372150395421e-07
5.621727705001831055e-01 1.168077529989299153e-02 1.950906012306721248e-06 7.850217718490470227e-08
5.251187682151794434e-01 9.591707597440769784e-02 1.701483208020743205e-06 6.446232463071093514e-07
5.590464472770690918e-01 2.746625044885347630e-02 1.929861691657746062e-06 1.845905262265097022e-07
5.891981124877929688e-01 2.288130015758442146e-02 2.132822571103537461e-06 1.537767684999587023e-07
5.652431249618530273e-01 5.222408895783530597e-02 1.971573588621186234e-06 3.509788159974082148e-07
6.400433182716369629e-01 9.926303516510158464e-02 2.475078549649655460e-06 6.671102023950086146e-07
6.059268712997436523e-01 7.821074692615362367e-02 2.245429406473362112e-06 5.256255475624891915e-07
5.449866056442260742e-01 4.762777731997885206e-02 1.835220224835693198e-06 3.200887028560867826e-07
6.469842791557312012e-01 1.365388291221208972e-02 2.521800464190334793e-06 9.176270479633620968e-08
5.876014232635498047e-01 1.470471680532058067e-02 2.122074725275150696e-06 9.882497132837553652e-08
5.682130455970764160e-01 4.649580407556674899e-02 1.991565111470636373e-06 3.124811287079714374e-07
6.056347489356994629e-01 1.497838821096251216e-01 2.243463033754050161e-06 1.006642157812965450e-06
5.967040657997131348e-01 3.441438127218002935e-02 2.183347637451268056e-06 2.312863476076192025e-07
5.504549145698547363e-01 3.494967129739238315e-02 1.872029229607745793e-06 2.348838341892605197e-07
6.056181192398071289e-01 2.366823533147053432e-02 2.243351093744116249e-06 1.590654691955373003e-07
5.474578142166137695e-01 3.246201856384790113e-02 1.851854751043134602e-06 2.181652388349769270e-07
5.073742866516113281e-01 1.828541540393489873e-01 1.582039205234106855e-06 1.228895242897475769e-06
5.657780170440673828e-01 2.243291597044248104e-02 1.975174124998069406e-06 1.507633439624411714e-07
5.809834599494934082e-01 1.528633331519134962e-02 2.077527014726708069e-06 1.027338011054502994e-07
5.740705132484436035e-01 2.368441357593334753e-02 2.030993672962620793e-06 1.591741972020911488e-07
5.786293745040893555e-01 2.581186755982466455e-02 2.061680883212889763e-06 1.734720297781271933e-07
5.867896080017089844e-01 1.215015516651571509e-01 2.116610126940723559e-06 8.165670593069622895e-07
6.213778853416442871e-01 2.343541114347889170e-02 2.349435317137230778e-06 1.575007438079323408e-07
6.031335592269897461e-01 4.416575758053658401e-02 2.226626694553788499e-06 2.968217466801705943e-07
6.140338182449340820e-01 1.152064719331794690e-02 2.299999960706997505e-06 7.742601531448908869e-08
6.088862419128417969e-01 2.803919481531901362e-02 2.265349913617585110e-06 1.884410737303027675e-07
6.035212278366088867e-01 7.133904185087314165e-02 2.229236220806880907e-06 4.794433554106532769e-07
5.637351870536804199e-01 1.898576959465746519e-02 1.961423157397788709e-06 1.275963461710654350e-07
6.022800803184509277e-01 1.089978504018076708e-02 2.220881644366515074e-06 7.325343006208526409e-08
5.781664252281188965e-01 4.335716753541954405e-02 2.058564617775041444e-06 2.913875115919988853e-07
5.881302356719970703e-01 3.034945971964644190e-02 2.125634337347326249e-06 2.039675109921547445e-07
5.825611352920532227e-01 1.448596332540908471e-01 2.088146871798217008e-06 9.735480997359081194e-07
5.951645970344543457e-01 3.660772691496934350e-02 2.172984961549536093e-06 2.460270136899093985e-07
5.361937880516052246e-01 1.220522719804531392e-01 1.776032847324946674e-06 8.202682471699877792e-07
6.232568025588989258e-01 2.985233463159775100e-02 2.362082933385112884e-06 2.006265168592210152e-07
5.769240856170654297e-01 3.536283416163710225e-02 2.050202016961204077e-06 2.376605492225048134e-07
6.168085932731628418e-01 1.980962285541749621e-02 2.318677893619082075e-06 1.331331596950048793e-07
5.856870412826538086e-01 1.728318063400513180e-02 2.109188383916477327e-06 1.161538745173716304e-07
5.626193881034851074e-01 1.746360257945745592e-02 1.953912343828003538e-06 1.173664237845485636e-07
5.895337462425231934e-01 8.127765642173392924e-02 2.135081833454577341e-06 5.462371137000826927e-07
5.738727450370788574e-01 5.943021403652674894e-02 2.029662429403616918e-06 3.994085214938578312e-07
6.007975935935974121e-01 5.709241387563977060e-02 2.210902533516744792e-06 3.836970299411927269e-07
5.831434726715087891e-01 3.578957464870483746e-02 2.092066778239285779e-06 2.405285144446481523e-07
5.981093645095825195e-01 2.803916323195068325e-02 2.192807170118726448e-06 1.884408614701476608e-07
5.870984196662902832e-01 1.182422210330724005e-02 2.118688840888642914e-06 7.946623017703244580e-08
6.185818314552307129e-01 1.171722776404687805e-02 2.330614149158671451e-06 7.874716073491452629e-08
5.804017186164855957e-01 3.218112097366601643e-02 2.073611120472375065e-06 2.162774298643281088e-07
5.653964281082153320e-01 2.441518914817429262e-02 1.972605523049684615e-06 1.640854699542503352e-07
5.686623454093933105e-01 4.924550018483984937e-02 1.994589497832230461e-06 3.309608208202559100e-07
5.548418164253234863e-01 2.367237898832096413e-02 1.901558923984679930e-06 1.590933171830136897e-07
6.216065287590026855e-01 1.574180646018322541e-02 2.350974391969159409e-06 1.057948679107885971e-07
5.689499974250793457e-01 6.408387834780837622e-02 1.996525779151022043e-06 4.306840807734413147e-07
5.618291497230529785e-01 3.437987967992833793e-02 1.948592986653419466e-06 2.310544751472245185e-07
5.678908824920654297e-01 4.706392894034962943e-02 1.989396524539830247e-06 3.162992861207541261e-07
6.050333976745605469e-01 2.224281196662839313e-02 2.239415138556103563e-06 1.494857251565122608e-07
6.010750532150268555e-01 5.180442997815279393e-02 2.212770206442350609e-06 3.481584429712637509e-07
5.423592925071716309e-01 5.710925026657621278e-02 1.817534906922094207e-06 3.838101811071482006e-07
5.613266825675964355e-01 4.978631001659475364e-02 1.945210713234974382e-06 3.345954039832545780e-07
5.767135620117187500e-01 7.413189405510409169e-02 2.048784912606050046e-06 4.982130836999902237e-07
5.736199617385864258e-01 2.153370496627506417e-02 2.027960861008880832e-06 1.447200788740002329e-07
5.901134014129638672e-01 3.099895638600146802e-02 2.138983685055333890e-06 2.083325382334264862e-07
5.401917695999145508e-01 7.175500418718409879e-02 1.802944589856642953e-06 4.822388846618348419e-07
5.759552717208862305e-01 2.138977409433297922e-02 2.043680608640515279e-06 1.437527726360590864e-07
6.036411523818969727e-01 9.493445350669879601e-02 2.230043472778162787e-06 6.380194035753123447e-07
5.800033807754516602e-01 2.856416547678982884e-02 2.070929776076708956e-06 1.919692076790857954e-07
4.975325167179107666e-01 9.427841196929793999e-02 1.515790980896017131e-06 6.336103906727038845e-07
5.696059465408325195e-01 2.477357086897871707e-02 2.000941190653986408e-06 1.664940211526179516e-07
5.937234759330749512e-01 3.051180849500022621e-02 2.163284296459243793e-06 2.050585971573591908e-07
5.940006375312805176e-01 2.241758010638309623e-02 2.165149963291482149e-06 1.506602772834952829e-07
5.681661367416381836e-01 2.697948752616074336e-02 1.991249352374513472e-06 1.813191723802785378e-07
5.781010389328002930e-01 9.449304685313894558e-03 2.058124480890102145e-06 6.350528724642593948e-08
5.851762890815734863e-01 1.158457712299377877e-02 2.105750341102401187e-06 7.785566476309004119e-08
6.263776421546936035e-01 1.920675291859269551e-02 2.383090341916117066e-06 1.290814934840722665e-07
5.386376976966857910e-01 4.266115345221218463e-02 1.792483615379879194e-06 2.867098579705279308e-07
5.701810717582702637e-01 2.415662956477800105e-02 2.004812549635549095e-06 1.623477864779817081e-07
5.543774366378784180e-01 2.101686630703371306e-02 1.898433029298664839e-06 1.412465971091258897e-07
5.635160207748413086e-01 1.072456081445539479e-02 1.959947876334963092e-06 7.207581274972185427e-08
4.654201269149780273e-01 1.527598346517058392e-01 1.299631812572828060e-06 1.026642435855676209e-06
5.492348670959472656e-01 9.818895264546692939e-03 1.863816684577834241e-06 6.598916904295964539e-08
5.897439718246459961e-01 1.408217155608697604e-02 2.136496931716363065e-06 9.464107460865996644e-08
5.715796947479248047e-01 1.123642703679298208e-02 2.014227145811565373e-06 7.551587660244241594e-08
5.637715458869934082e-01 1.040925452347920936e-02 1.961667900788684469e-06 6.995675560785949021e-08
5.612369775772094727e-01 1.404136395881601732e-02 1.944606879131206729e-06 9.436682181728194705e-08
6.068086028099060059e-01 9.282518999538852747e-03 2.251364634311921563e-06 6.238438224479149670e-08
5.441107749938964844e-01 3.734616005511980780e-02 1.829324717645820042e-06 2.509897501281172199e-07
5.833863019943237305e-01 1.085433148187781895e-02 2.093701343115530915e-06 7.294795348232303371e-08
5.425464510917663574e-01 3.487050377313072325e-02 1.818794733557197026e-06 2.343517784945554015e-07
5.462166070938110352e-01 1.635822307785087665e-02 1.843499773384095276e-06 1.099375763609981484e-07
5.404994487762451172e-01 1.997548534684847124e-02 1.805015680649764266e-06 1.342478602483802560e-07
5.669357776641845703e-01 1.688913572948404218e-02 1.982967396514069171e-06 1.135056442313385711e-07
5.915575027465820312e-01 1.035165499541719318e-02 2.148704411079306719e-06 6.956965045074439523e-08
5.661633610725402832e-01 1.465692547804417316e-02 1.977768003722891391e-06 9.850378346665983222e-08
5.821736454963684082e-01 1.113508142861523685e-02 2.085538549201145923e-06 7.483477019590499039e-08
5.616480112075805664e-01 1.191033536736739624e-02 1.947373683104349926e-06 8.004496562392377265e-08
5.630901455879211426e-01 2.117826226218928395e-02 1.957081168912093284e-06 1.423312797216460897e-07
5.579165816307067871e-01 3.861493088673079860e-02 1.922256190480991370e-06 2.595166903416729152e-07
5.646722316741943359e-01 1.659966479752123317e-02 1.967730716165449101e-06 1.115602169966384909e-07
5.798253417015075684e-01 1.616173611312763866e-02 2.069731335898666505e-06 1.086170600319691063e-07
5.734195113182067871e-01 1.139177273914565407e-02 2.026611562609565581e-06 7.655989770017850637e-08
5.356867909431457520e-01 5.108775472969092485e-02 1.772620081287308152e-06 3.433419332881003900e-07
5.787840485572814941e-01 1.285376231122713729e-02 2.062722045670881002e-06 8.638538971448642310e-08
5.458993315696716309e-01 8.333516919809210582e-03 1.841364086384524388e-06 5.600648972489498418e-08
5.940279960632324219e-01 7.775915841997484319e-03 2.165334122662664948e-06 5.225905879800514859e-08
5.016733407974243164e-01 6.474914291138474109e-02 1.543664243978994890e-06 4.351550782289945363e-07
5.758554339408874512e-01 1.099753336449975014e-02 2.043008567362235775e-06 7.391036045225264905e-08
5.833532214164733887e-01 7.311595373352126719e-03 2.093478666751682721e-06 4.913853239762915212e-08
5.006262063980102539e-01 8.297233046375554477e-02 1.536615634321196584e-06 5.576263921085679045e-07
5.685792565345764160e-01 7.110070804963798327e-03 1.994030199001232700e-06 4.778416019470895017e-08
5.740050673484802246e-01 1.047325768688448823e-02 2.030553134859008002e-06 7.038689723331149688e-08
5.821858644485473633e-01 1.476406900380583878e-02 2.085620799029233804e-06 9.922385553615976462e-08
5.282047986984252930e-01 1.946558505122016752e-02 1.722256304846364960e-06 1.308210086630736765e-07
5.396981239318847656e-01 1.593254171858847143e-02 1.799621696801890778e-06 1.070767291457080332e-07
5.589400529861450195e-01 8.278352002221161729e-03 1.929145516325370580e-06 5.563574668569557859e-08
6.355804204940795898e-01 1.095475273273085332e-02 2.445037301463881391e-06 7.362284762463795963e-08
5.979333519935607910e-01 8.853235074542950903e-03 2.191622371375586960e-06 5.949932351560180211e-08
5.810440778732299805e-01 7.080008946629153151e-03 2.077935054117758692e-06 4.758212554641677104e-08
6.064485907554626465e-01 1.012182597574756010e-02 2.248941273523380261e-06 6.802505448334283355e-08
5.674106478691101074e-01 8.585817923484232589e-03 1.986163905686637911e-06 5.770211159809439289e-08
5.239543914794921875e-01 1.833687239968244745e-02 1.693645401231973970e-06 1.232353477555593111e-07
5.167881250381469727e-01 2.736130799164532626e-02 1.645406880105088333e-06 1.838852467259230656e-07
5.200551152229309082e-01 1.254817422939080024e-02 1.667398076823758729e-06 8.433164506740541257e-08
5.726819634437561035e-01 1.144286197286441785e-02 2.021646882742443297e-06 7.690324957320598939e-08
4.691520631313323975e-01 4.237875227865082195e-01 1.324752715554912568e-06 2.848119439712454863e-06
3.223923146724700928e-01 8.530503980060664126e-01 3.368640730443863444e-07 5.733036701128836293e-06
4.573380947113037109e-01 1.508730426837501075e-02 1.245228967744757212e-06 1.013962003814416747e-07
