-9.583249999999999602e+00 3.088509999999999867e-01
-9.530749999999999389e+00 3.108000000000000207e-01
-9.794869999999999521e+00 3.138310000000000266e-01
-9.605169999999999320e+00 3.086300000000000154e-01
-1.051670000000000016e+01 3.269230000000000191e-01
-1.049070000000000036e+01 3.218520000000000270e-01
-9.622310000000000585e+00 3.098360000000000003e-01
0.000000000000000000e+00 0.000000000000000000e+00
-9.183569999999999567e+00 3.031760000000000010e-01
-9.830399999999999139e+00 3.141419999999999768e-01
0.000000000000000000e+00 0.000000000000000000e+00
-9.296350000000000335e+00 3.055200000000000138e-01
-1.010089999999999932e+01 3.255009999999999848e-01
-9.564339999999999620e+00 3.083899999999999975e-01
-9.547349999999999781e+00 3.095660000000000078e-01
-9.434699999999999420e+00 3.073049999999999948e-01
-9.649720000000000297e+00 3.111869999999999914e-01
-9.452840000000000131e+00 3.048089999999999966e-01
-9.600319999999999965e+00 3.114660000000000206e-01
-1.049050000000000082e+01 3.225210000000000021e-01
0.000000000000000000e+00 0.000000000000000000e+00
-9.598979999999999180e+00 3.101789999999999825e-01
-1.049639999999999951e+01 3.280819999999999848e-01
0.000000000000000000e+00 0.000000000000000000e+00
-9.384930000000000661e+00 3.057179999999999898e-01
-9.764739999999999753e+00 3.130029999999999757e-01
-9.655739999999999768e+00 3.108049999999999979e-01
-1.058539999999999992e+01 3.225129999999999941e-01
-9.662110000000000198e+00 3.122300000000000075e-01
-1.041080000000000005e+01 3.242289999999999894e-01
-1.053490000000000038e+01 3.258739999999999970e-01
-9.298629999999999285e+00 3.064760000000000262e-01
-9.533429999999999183e+00 3.059509999999999730e-01
-9.349439999999999529e+00 3.063339999999999952e-01
-9.541389999999999816e+00 3.099480000000000013e-01
-9.679449999999999221e+00 3.107409999999999894e-01
-1.078049999999999997e+01 3.232800000000000118e-01
0.000000000000000000e+00 0.000000000000000000e+00
-1.001570000000000071e+01 3.227650000000000241e-01
-9.695809999999999818e+00 3.122260000000000035e-01
-1.039600000000000080e+01 3.156019999999999937e-01
0.000000000000000000e+00 0.000000000000000000e+00
-1.042179999999999929e+01 3.234279999999999933e-01
-9.181749999999999190e+00 3.014979999999999882e-01
0.000000000000000000e+00 0.000000000000000000e+00
-1.023959999999999937e+01 3.256700000000000150e-01
-9.705999999999999517e+00 3.095430000000000126e-01
-9.543350000000000222e+00 3.098949999999999760e-01
-1.014039999999999964e+01 3.239139999999999797e-01
-1.038199999999999967e+01 3.243249999999999744e-01
0.000000000000000000e+00 0.000000000000000000e+00
-9.295159999999999201e+00 3.061189999999999745e-01
-9.704159999999999897e+00 3.084370000000000167e-01
0.000000000000000000e+00 0.000000000000000000e+00
-1.028599999999999959e+01 3.259150000000000102e-01
-1.020059999999999967e+01 3.261820000000000275e-01
-9.273600000000000065e+00 3.040579999999999949e-01
-9.640390000000000015e+00 3.118900000000000006e-01
-9.674310000000000187e+00 3.101769999999999805e-01
-1.045800000000000018e+01 3.006369999999999876e-01
0.000000000000000000e+00 0.000000000000000000e+00
-1.051399999999999935e+01 3.019809999999999994e-01
-9.550219999999999487e+00 2.862620000000000164e-01
-1.026539999999999964e+01 2.995659999999999989e-01
-1.022639999999999993e+01 2.986889999999999823e-01
-1.021899999999999942e+01 2.986240000000000006e-01
-9.417289999999999495e+00 2.851650000000000018e-01
0.000000000000000000e+00 0.000000000000000000e+00
0.000000000000000000e+00 0.000000000000000000e+00
-1.016960000000000086e+01 2.972389999999999755e-01
-1.018270000000000053e+01 2.984720000000000151e-01
-9.084400000000000475e+00 2.865860000000000074e-01
-9.982900000000000773e+00 2.936050000000000049e-01
-9.271979999999999222e+00 2.853229999999999933e-01
-1.021049999999999969e+01 2.988129999999999953e-01
-9.706229999999999691e+00 2.883479999999999932e-01
-1.018030000000000079e+01 2.987960000000000060e-01
-1.022450000000000081e+01 2.992520000000000180e-01
-1.060810000000000031e+01 3.101849999999999885e-01
-8.636530000000000484e+00 2.703119999999999967e-01
-1.074970000000000070e+01 3.091900000000000204e-01
-1.061030000000000051e+01 3.037619999999999765e-01
-1.053040000000000020e+01 3.148730000000000140e-01
0.000000000000000000e+00 0.000000000000000000e+00
-1.104190000000000005e+01 3.073679999999999746e-01
-8.481749999999999901e+00 2.651430000000000176e-01
-1.053040000000000020e+01 3.114199999999999746e-01
0.000000000000000000e+00 0.000000000000000000e+00
0.000000000000000000e+00 0.000000000000000000e+00
-1.057290000000000063e+01 3.109779999999999767e-01
0.000000000000000000e+00 0.000000000000000000e+00
-1.061229999999999940e+01 2.964990000000000125e-01
-1.047250000000000014e+01 3.033170000000000033e-01
-9.052519999999999456e+00 2.719719999999999915e-01
-1.101789999999999914e+01 3.095209999999999906e-01
-1.070439999999999969e+01 2.937389999999999723e-01
0.000000000000000000e+00 0.000000000000000000e+00
2.658749999999999947e+00 1.620769999999999850e-02
0.000000000000000000e+00 0.000000000000000000e+00
2.655260000000000176e+00 1.627589999999999940e-02
0.000000000000000000e+00 0.000000000000000000e+00
2.661550000000000082e+00 1.632120000000000098e-02
-9.328559999999999519e+00 1.387970000000000037e-01
-1.031419999999999959e+01 1.492900000000000060e-01
-1.173789999999999978e+01 1.575159999999999894e-01
-8.644660000000000011e+00 1.328749999999999931e-01
-1.014830000000000076e+01 1.485769999999999869e-01
-9.630810000000000315e+00 1.436330000000000107e-01
-7.569799999999999862e+00 1.210809999999999942e-01
0.000000000000000000e+00 0.000000000000000000e+00
1.849830000000000085e+00 7.041479999999999961e-02
6.415089999999999959e-01 7.954930000000000334e-02
0.000000000000000000e+00 0.000000000000000000e+00
0.000000000000000000e+00 0.000000000000000000e+00
9.868989999999999707e-01 7.780890000000000029e-02
