0.000000000000000000e+00 0.000000000000000000e+00 0.000000000000000000e+00 0.000000000000000000e+00
6.496459999999999457e-01 1.164962414709999949e+00 1.785902366699999916e-06 6.052829922410000162e-06
5.727820000000000134e-01 1.003735156519999894e+00 1.392786670700000055e-06 5.221249587639999959e-06
6.229540000000000077e-01 1.061610552269999896e+00 1.649390613089999978e-06 5.526581758579999727e-06
7.600940000000000474e-01 1.939755367799999908e+00 2.350785147970000128e-06 9.989359937950000244e-06
7.429400000000000448e-01 1.294023266790000015e+00 2.263053177289999797e-06 6.728212049580000088e-06
6.571449999999999791e-01 1.207940841629999928e+00 1.824258582350000098e-06 6.270794354410000173e-06
4.296159999999999979e-01 2.749631083250000163e+00 6.605719949869999789e-07 1.406175279879999961e-05
0.000000000000000000e+00 0.000000000000000000e+00 0.000000000000000000e+00 0.000000000000000000e+00
9.045659999999999812e-01 2.623047023710000047e+01 3.089677759660000171e-06 1.339499168619999925e-04
8.563530000000000308e-01 5.573235137990000254e+00 2.843097122980000051e-06 2.849569652690000054e-05
6.384109999999999507e-01 1.659243286379999915e+01 1.728443949640000005e-06 8.473342048740000235e-05
6.832200000000000495e-01 3.541914613519999921e+00 1.957617018619999965e-06 1.812407009610000048e-05
0.000000000000000000e+00 0.000000000000000000e+00 0.000000000000000000e+00 0.000000000000000000e+00
6.095570000000000155e-01 2.703695510220000209e+00 1.580870283189999934e-06 1.384612442680000035e-05
0.000000000000000000e+00 0.000000000000000000e+00 0.000000000000000000e+00 0.000000000000000000e+00
8.774760000000000337e-01 8.196506748500000583e+01 2.951127811950000162e-06 4.185425322739999869e-04
0.000000000000000000e+00 0.000000000000000000e+00 0.000000000000000000e+00 0.000000000000000000e+00
0.000000000000000000e+00 0.000000000000000000e+00 0.000000000000000000e+00 0.000000000000000000e+00
0.000000000000000000e+00 0.000000000000000000e+00 0.000000000000000000e+00 0.000000000000000000e+00
0.000000000000000000e+00 0.000000000000000000e+00 0.000000000000000000e+00 0.000000000000000000e+00
0.000000000000000000e+00 0.000000000000000000e+00 0.000000000000000000e+00 0.000000000000000000e+00
6.408129999999999660e-01 3.997536968849999983e+00 1.740730425099999919e-06 2.044253504879999935e-05
7.156700000000000284e-01 4.110483802930000152e+00 2.123581987789999965e-06 2.102509780140000077e-05
0.000000000000000000e+00 0.000000000000000000e+00 0.000000000000000000e+00 0.000000000000000000e+00
0.000000000000000000e+00 0.000000000000000000e+00 0.000000000000000000e+00 0.000000000000000000e+00
7.172610000000000374e-01 6.773894900050000389e-01 2.131715863790000003e-06 3.669953843399999849e-06
5.253590000000000204e-01 5.933212399199999654e-01 1.150244926280000012e-06 3.166647809840000022e-06
6.818009999999999904e-01 9.309485345250000377e-01 1.950361096409999847e-06 4.895468212490000368e-06
0.000000000000000000e+00 0.000000000000000000e+00 0.000000000000000000e+00 0.000000000000000000e+00
0.000000000000000000e+00 0.000000000000000000e+00 0.000000000000000000e+00 0.000000000000000000e+00
1.214229999999999920e+00 1.484253948569999926e+00 4.673426212780000259e-06 7.847606794379999225e-06
6.957820000000000116e-01 1.663042416259999934e+00 2.021866469179999889e-06 8.575267388520000037e-06
8.253129999999999633e-01 1.088500547830000054e+00 2.684346007409999939e-06 5.732033084460000380e-06
1.016979999999999995e+00 1.091918203779999930e+00 3.664625610419999986e-06 5.832761066309999965e-06
0.000000000000000000e+00 0.000000000000000000e+00 0.000000000000000000e+00 0.000000000000000000e+00
0.000000000000000000e+00 0.000000000000000000e+00 0.000000000000000000e+00 0.000000000000000000e+00
6.362959999999999727e-01 8.292576057270000245e-01 1.717626827389999896e-06 4.374183642850000249e-06
5.795190000000000063e-01 1.553192569649999966e+00 1.427242088909999965e-06 7.994714408210000267e-06
7.698409999999999975e-01 1.787288959889999918e+00 2.400637985529999928e-06 9.220167487339999606e-06
5.069879999999999942e-01 2.886754140749999920e+00 1.056285275780000034e-06 1.476768444470000071e-05
0.000000000000000000e+00 0.000000000000000000e+00 0.000000000000000000e+00 0.000000000000000000e+00
0.000000000000000000e+00 0.000000000000000000e+00 0.000000000000000000e+00 0.000000000000000000e+00
8.563389999999999613e-01 2.052821052240000110e+00 2.843027923150000109e-06 1.058232402690000046e-05
8.382239999999999691e-01 1.655504078579999927e+00 2.750376667669999801e-06 8.572253499659999656e-06
0.000000000000000000e+00 0.000000000000000000e+00 0.000000000000000000e+00 0.000000000000000000e+00
0.000000000000000000e+00 0.000000000000000000e+00 0.000000000000000000e+00 0.000000000000000000e+00
7.733630000000000226e-01 7.167059086060000306e-01 2.418648231919999923e-06 3.889420689560000124e-06
1.159510000000000041e+00 1.124683273889999890e+00 4.393566859829999871e-06 6.063619394269999906e-06
7.196989999999999776e-01 6.473508195149999533e-01 2.144185855990000022e-06 3.527123073909999919e-06
1.041020000000000056e+00 9.226064399569999797e-01 3.787591573609999868e-06 5.026285311289999757e-06
8.458149999999999835e-01 4.781882247629999916e-01 2.789200820500000079e-06 2.831735834430000193e-06
9.043069999999999720e-01 1.052676976989999957e+00 3.088356865999999962e-06 5.588534829229999908e-06
7.110950000000000326e-01 1.056453605019999964e+00 2.100184214589999889e-06 5.530054749760000172e-06
7.624919999999999476e-01 2.016105088319999794e+00 2.363047235829999964e-06 1.037654082060000081e-05
7.441809999999999814e-01 1.611514506260000035e+00 2.269397003070000139e-06 8.326295244899999947e-06
0.000000000000000000e+00 0.000000000000000000e+00 0.000000000000000000e+00 0.000000000000000000e+00
0.000000000000000000e+00 0.000000000000000000e+00 0.000000000000000000e+00 0.000000000000000000e+00
0.000000000000000000e+00 0.000000000000000000e+00 0.000000000000000000e+00 0.000000000000000000e+00
6.791829999999999812e-01 1.033955482539999915e+00 1.936971691499999902e-06 5.406779417410000192e-06
8.139680000000000248e-01 1.189424603440000006e+00 2.626323322139999996e-06 6.228928269930000393e-06
5.306929999999999703e-01 1.629945819570000065e+00 1.177527035290000021e-06 8.374776784099999347e-06
7.163810000000000455e-01 1.628519366099999921e+00 2.127219094249999824e-06 8.405486177629999784e-06
8.662779999999999925e-01 1.604102566249999917e+00 2.893856569760000148e-06 8.321431157839999937e-06
6.664360000000000284e-01 1.858021861549999931e+00 1.871778135789999897e-06 9.556484527429999867e-06
7.546779999999999600e-01 1.765915503330000025e+00 2.323086315760000158e-06 9.108662827510000730e-06
6.294480000000000075e-01 2.015417767629999801e+00 1.682600129520000022e-06 1.034849356679999960e-05
6.525969999999999827e-01 1.307438294380000032e+00 1.800999208809999905e-06 6.769952444319999995e-06
6.350130000000000496e-01 1.919585261860000003e+00 1.711066256759999894e-06 9.862957746169999604e-06
8.104679999999999662e-01 1.749714559200000075e+00 2.608418552139999983e-06 9.040057384940000377e-06
0.000000000000000000e+00 0.000000000000000000e+00 0.000000000000000000e+00 0.000000000000000000e+00
0.000000000000000000e+00 0.000000000000000000e+00 0.000000000000000000e+00 0.000000000000000000e+00
0.000000000000000000e+00 0.000000000000000000e+00 0.000000000000000000e+00 0.000000000000000000e+00
0.000000000000000000e+00 0.000000000000000000e+00 0.000000000000000000e+00 0.000000000000000000e+00
7.141659999999999675e-01 9.374884654770000436e-01 2.115888003220000011e-06 4.940486911750000263e-06
5.773810000000000331e-01 1.593053416580000103e+00 1.416309430379999949e-06 8.196262437260000780e-06
0.000000000000000000e+00 0.000000000000000000e+00 0.000000000000000000e+00 0.000000000000000000e+00
7.892090000000000494e-01 1.248542484859999968e+00 2.499691292199999871e-06 6.515250769410000092e-06
5.933140000000000081e-01 1.212292104899999945e+00 1.497798783840000044e-06 6.275193938509999704e-06
0.000000000000000000e+00 0.000000000000000000e+00 0.000000000000000000e+00 0.000000000000000000e+00
6.216859999999999609e-01 1.309468747209999950e+00 1.642902290739999981e-06 6.772188040400000257e-06
0.000000000000000000e+00 0.000000000000000000e+00 0.000000000000000000e+00 0.000000000000000000e+00
0.000000000000000000e+00 0.000000000000000000e+00 0.000000000000000000e+00 0.000000000000000000e+00
7.543459999999999610e-01 9.924273849110000212e-01 2.321389852980000129e-06 5.228308963050000348e-06
0.000000000000000000e+00 0.000000000000000000e+00 0.000000000000000000e+00 0.000000000000000000e+00
6.593830000000000524e-01 1.228968527889999995e+00 1.835705819350000041e-06 6.377075038160000056e-06
6.981260000000000243e-01 3.013444075199999794e+00 2.033853586790000210e-06 1.543399599230000025e-05
3.662590000000000012e-01 2.530619697910000188e+00 3.365329711289999818e-07 1.293989238210000079e-05
5.035359999999999836e-01 4.028903260869999947e+00 1.038632002959999971e-06 2.059198743740000073e-05
3.231010000000000271e-01 3.669178442669999818e+00 1.158076161379999946e-07 1.874605753050000002e-05
0.000000000000000000e+00 0.000000000000000000e+00 0.000000000000000000e+00 0.000000000000000000e+00
6.187669999999999559e-01 3.554251834210000016e+00 1.627973113419999912e-06 1.818059397129999989e-05
4.370109999999999828e-01 2.951115006629999815e+00 6.983933599750000422e-07 1.508972875459999964e-05
0.000000000000000000e+00 0.000000000000000000e+00 0.000000000000000000e+00 0.000000000000000000e+00
0.000000000000000000e+00 0.000000000000000000e+00 0.000000000000000000e+00 0.000000000000000000e+00
6.600319999999999521e-01 2.456764222789999952e+00 1.839022228810000079e-06 1.259623387940000068e-05
6.796889999999999876e-01 2.024708562129999834e+00 1.939555863110000053e-06 1.040436639469999960e-05
7.295080000000000453e-01 1.584733321639999915e+00 2.194354817869999831e-06 8.187539202439999387e-06
7.843710000000000404e-01 3.253491586570000038e+00 2.474947323200000196e-06 1.666688875349999995e-05
8.588999999999999968e-01 3.573942487620000108e+00 2.856125896179999989e-06 1.830762481070000058e-05
