1.927662640810012817e-01 6.516265124082565308e-02
1.790515333414077759e-01 6.500776857137680054e-02
2.036742120981216431e-01 6.416283547878265381e-02
1.661856472492218018e-01 6.467310339212417603e-02
1.465469598770141602e-01 6.472297757863998413e-02
2.063194811344146729e-01 6.431829184293746948e-02
2.080162912607192993e-01 6.340116262435913086e-02
1.940952986478805542e-01 6.420236080884933472e-02
1.742434203624725342e-01 6.443431228399276733e-02
1.797424405813217163e-01 6.442955881357192993e-02
1.043711900711059570e-01 6.497974693775177002e-02
1.741595864295959473e-01 6.388502568006515503e-02
1.615663766860961914e-01 6.433341652154922485e-02
1.563681662082672119e-01 6.499627977609634399e-02
1.848273873329162598e-01 6.471841037273406982e-02
1.967814117670059204e-01 6.484907865524291992e-02
1.796239465475082397e-01 6.490208208560943604e-02
1.278735101222991943e-01 6.754385679960250854e-02
1.227701827883720398e-01 6.703808158636093140e-02
6.162889301776885986e-02 6.570656597614288330e-02
1.972242295742034912e-01 6.485580652952194214e-02
1.300100535154342651e-01 6.741985678672790527e-02
1.986677348613739014e-01 6.609865278005599976e-02
2.033269107341766357e-01 6.502876430749893188e-02
-3.950841724872589111e-02 6.848267465829849243e-02
1.659355759620666504e-01 6.952969729900360107e-02
1.404552012681961060e-01 6.511750072240829468e-02
1.267313808202743530e-01 6.505578011274337769e-02
1.451535373926162720e-01 6.584937870502471924e-02
7.352294027805328369e-02 7.415070384740829468e-02
4.333730041980743408e-02 7.873023301362991333e-02
2.424846589565277100e-02 6.988821178674697876e-02
1.207749545574188232e-02 6.928856670856475830e-02
1.258457005023956299e-01 6.664308160543441772e-02
6.744940578937530518e-02 6.714766472578048706e-02
1.016262471675872803e-01 6.986515969038009644e-02
1.949034035205841064e-01 7.012557983398437500e-02
1.038865447044372559e-01 6.555973738431930542e-02
1.113127619028091431e-01 6.558944284915924072e-02
1.257434636354446411e-01 6.551335006952285767e-02
1.046822816133499146e-01 6.538944691419601440e-02
1.591414809226989746e-01 6.927172839641571045e-02
3.916449844837188721e-02 6.781278550624847412e-02
1.323400437831878662e-01 6.574158370494842529e-02
1.197208464145660400e-01 6.502223759889602661e-02
1.684481799602508545e-01 6.688538193702697754e-02
6.383083015680313110e-02 6.699048727750778198e-02
1.788415014743804932e-01 6.406326591968536377e-02
1.724473237991333008e-01 6.663826853036880493e-02
1.305735856294631958e-01 6.578370183706283569e-02
1.420984864234924316e-01 6.460049748420715332e-02
1.523183584213256836e-01 6.454323232173919678e-02
1.669266819953918457e-01 6.423731893301010132e-02
2.013022899627685547e-01 6.481532752513885498e-02
1.432332545518875122e-01 6.598863750696182251e-02
2.077154517173767090e-01 6.499726325273513794e-02
1.998053789138793945e-01 6.764874607324600220e-02
1.151489615440368652e-01 6.999129056930541992e-02
1.094668656587600708e-01 6.704920530319213867e-02
1.197830364108085632e-01 6.529927253723144531e-02
1.393859684467315674e-01 6.482796370983123779e-02
1.545955538749694824e-01 6.504620611667633057e-02
1.370690166950225830e-01 6.517889350652694702e-02
1.300085783004760742e-01 6.503837555646896362e-02
1.864333450794219971e-01 6.520308554172515869e-02
1.673853546380996704e-01 6.563586741685867310e-02
1.949651688337326050e-01 6.574332714080810547e-02
2.243690788745880127e-01 6.496407836675643921e-02
1.794035434722900391e-01 6.514140963554382324e-02
8.401670306921005249e-02 6.740846484899520874e-02
7.155954837799072266e-02 6.727548688650131226e-02
2.114717960357666016e-01 6.639137864112854004e-02
1.918015480041503906e-01 6.912445276975631714e-02
2.225221097469329834e-01 6.864447146654129028e-02
1.856924295425415039e-01 6.506366282701492310e-02
1.237756460905075073e-01 6.751918792724609375e-02
1.811863332986831665e-01 6.502734124660491943e-02
2.242759615182876587e-01 6.443685293197631836e-02
2.095704078674316406e-01 6.542009115219116211e-02
4.719992876052856445e-01 1.341680812835693359e+01
1.409783363342285156e-01 6.702588498592376709e-02
1.854356527328491211e-01 6.616078317165374756e-02
1.914171874523162842e-01 6.674811244010925293e-02
4.573084414005279541e-02 6.583840399980545044e-02
1.544519513845443726e-01 6.695478409528732300e-02
1.661622077226638794e-01 6.539669632911682129e-02
1.927367448806762695e-01 6.411106884479522705e-02
2.012986987829208374e-01 6.435585767030715942e-02
9.166307002305984497e-02 6.389886885881423950e-02
7.118791341781616211e-02 6.456513702869415283e-02
2.037470191717147827e-01 6.570518761873245239e-02
1.504386067390441895e-01 6.375250965356826782e-02
1.488142907619476318e-01 6.354515999555587769e-02
1.423241198062896729e-01 6.588688492774963379e-02
1.655083298683166504e-01 6.739447265863418579e-02
1.608152091503143311e-01 6.392551958560943604e-02
1.762904524803161621e-01 6.415704637765884399e-02
1.434826850891113281e-01 6.375068426132202148e-02
1.371312737464904785e-01 6.460355222225189209e-02
1.614488363265991211e-01 6.369289755821228027e-02
