7.306909999999999794e-01 3.767835913650000035e-01 6.043237410089999769e-06 4.709969962640000198e-06
0.000000000000000000e+00 0.000000000000000000e+00 0.000000000000000000e+00 0.000000000000000000e+00
7.337010000000000476e-01 2.982980508709999756e-01 6.079582100429999733e-06 3.807604563630000141e-06
7.833069999999999755e-01 2.952152962899999844e-01 6.678464621669999649e-06 3.799850963140000069e-06
7.797380000000000422e-01 1.937317085949999962e-01 6.635374428189999674e-06 2.685929035330000182e-06
7.198430000000000106e-01 3.279004141790000215e+00 5.912272178489999878e-06 3.954309467509999851e-05
7.671480000000000521e-01 1.122958361100000024e+00 6.483378971570000337e-06 1.359867132309999920e-05
9.420709999999999917e-01 2.013448352030000166e+00 8.595194230580000647e-06 2.432144229309999878e-05
7.802559999999999496e-01 2.079354190380000134e+00 6.641632044510000078e-06 2.509894501950000047e-05
5.290569999999999995e-01 3.802490842180000108e+00 3.608952704109999982e-06 4.584323772579999769e-05
0.000000000000000000e+00 0.000000000000000000e+00 0.000000000000000000e+00 0.000000000000000000e+00
8.756099999999999994e-01 6.393776649339999452e-01 7.792825482780000516e-06 7.848097188199999562e-06
7.270889999999999853e-01 2.903885276109999802e-01 5.999759353780000422e-06 3.714135087629999869e-06
8.450440000000000174e-01 3.735698183780000181e-01 7.423809617489999688e-06 4.725330157940000228e-06
7.083479999999999777e-01 6.146431134780000471e-01 5.773498598850000176e-06 7.507185769000000248e-06
0.000000000000000000e+00 0.000000000000000000e+00 0.000000000000000000e+00 0.000000000000000000e+00
7.929169999999999829e-01 3.450550268670000142e-01 6.794488139250000274e-06 4.372281842719999642e-06
7.198679999999999524e-01 6.640085335969999614e-01 5.912579446449999935e-06 8.097774823689999433e-06
6.628960000000000408e-01 6.553451368660000442e-01 5.224762640169999872e-06 7.981023530099999784e-06
8.224160000000000359e-01 4.820486692989999766e-01 7.150618898999999827e-06 5.975815284159999855e-06
6.066380000000000106e-01 6.548502968989999840e-01 4.545566607050000182e-06 7.962802450569999400e-06
7.322870000000000212e-01 2.550014387330000187e-01 6.062506781030000118e-06 3.318370091669999985e-06
1.020899999999999919e+00 2.415187240959999926e+00 9.546929027229999484e-06 2.916250798809999950e-05
5.512650000000000050e-01 1.014267619179999969e+00 3.877063067129999730e-06 1.226340364409999929e-05
7.013589999999999547e-01 5.267761817570000282e-01 5.689125120180000373e-06 6.462132566870000358e-06
7.123150000000000315e-01 3.151327752840000218e-01 5.821387065740000016e-06 3.989141835510000110e-06
6.966719999999999580e-01 1.373679055780000047e+00 5.632531687260000288e-06 1.660078340740000030e-05
6.495769999999999600e-01 1.468447813440000083e+00 5.063965071919999921e-06 1.773541450369999845e-05
5.386189999999999589e-01 7.709768243179999647e-01 3.724390469649999869e-06 9.340703350200000433e-06
8.932639999999999469e-01 8.681156326600000028e+00 8.005958627959999230e-06 1.046504612959999972e-04
8.027649999999999508e-01 1.096018416529999939e+01 6.913376372850000109e-06 1.321171823419999881e-04
4.697939999999999894e-01 6.924869792450000006e+00 2.893481061979999892e-06 8.347407542379999847e-05
4.808109999999999884e-01 1.381307056560000079e+00 3.026476996569999957e-06 1.667155202269999861e-05
6.876989999999999492e-01 2.635303510329999988e+00 5.524206419380000234e-06 3.178687644859999899e-05
0.000000000000000000e+00 0.000000000000000000e+00 0.000000000000000000e+00 0.000000000000000000e+00
5.242280000000000273e-01 4.679899643830000011e-01 3.550652386889999984e-06 5.715424740329999706e-06
6.724499999999999922e-01 1.876126753140000103e+00 5.340113334460000091e-06 2.264361253099999848e-05
3.727369999999999850e-01 2.879070491399999820e+00 1.721726216179999991e-06 3.471008362230000046e-05
7.130790000000000184e-01 1.080412776229999983e+00 5.830619496429999789e-06 1.307990146370000055e-05
8.838190000000000213e-01 3.174450446169999829e+00 7.891936309900000548e-06 3.829291134559999719e-05
5.123010000000000064e-01 1.147479115609999933e+00 3.406658849939999942e-06 1.386060372250000065e-05
7.264639999999999986e-01 1.928300408329999938e+00 5.992208621489999906e-06 2.327616112200000108e-05
9.472070000000000212e-01 3.919790989390000147e-01 8.657202631619999959e-06 4.987949550690000333e-06
6.603630000000000333e-01 1.001145459239999980e+00 5.194184081330000147e-06 1.212072516060000050e-05
7.127059999999999507e-01 1.489551224419999986e+00 5.826116977429999736e-06 1.799585781189999993e-05
6.500299999999999967e-01 3.076470251830000002e+00 5.069441205790000082e-06 3.709954123829999891e-05
7.338879999999999848e-01 1.305372845510000077e-03 6.081836598119999936e-06 1.253264748070000026e-06
0.000000000000000000e+00 0.000000000000000000e+00 0.000000000000000000e+00 0.000000000000000000e+00
7.287630000000000496e-01 1.268874918349999908e-03 6.019969957710000098e-06 1.245012693539999946e-06
0.000000000000000000e+00 0.000000000000000000e+00 0.000000000000000000e+00 0.000000000000000000e+00
0.000000000000000000e+00 0.000000000000000000e+00 0.000000000000000000e+00 0.000000000000000000e+00
7.116400000000000503e-01 4.093546538399999921e-03 5.813242665849999852e-06 1.218384999050000101e-06
0.000000000000000000e+00 0.000000000000000000e+00 0.000000000000000000e+00 0.000000000000000000e+00
7.289510000000000156e-01 3.177586789290000151e-03 6.022234529760000225e-06 1.245809483750000016e-06
7.145219999999999905e-01 1.217724617000000027e-03 5.848035904859999717e-06 1.222104856809999983e-06
0.000000000000000000e+00 0.000000000000000000e+00 0.000000000000000000e+00 0.000000000000000000e+00
0.000000000000000000e+00 0.000000000000000000e+00 0.000000000000000000e+00 0.000000000000000000e+00
7.201229999999999576e-01 1.269499346860000029e-03 5.915656443619999776e-06 1.231115835800000074e-06
0.000000000000000000e+00 0.000000000000000000e+00 0.000000000000000000e+00 0.000000000000000000e+00
7.341269999999999740e-01 1.339086594040000099e-03 6.084727939240000194e-06 1.253655399800000017e-06
7.257299999999999862e-01 1.308540932419999898e-03 5.983345344099999980e-06 1.240138334580000018e-06
7.253859999999999753e-01 3.068348947029999815e-03 5.979193268880000320e-06 1.240036452530000029e-06
7.275099999999999900e-01 1.227694573180000085e-03 6.004837550459999594e-06 1.242990098749999897e-06
7.129950000000000454e-01 3.686453265060000116e-03 5.829596948959999610e-06 1.220371438040000009e-06
0.000000000000000000e+00 0.000000000000000000e+00 0.000000000000000000e+00 0.000000000000000000e+00
7.390759999999999552e-01 2.172695408050000134e-03 6.144469609430000061e-06 1.261790532710000059e-06
0.000000000000000000e+00 0.000000000000000000e+00 0.000000000000000000e+00 0.000000000000000000e+00
0.000000000000000000e+00 0.000000000000000000e+00 0.000000000000000000e+00 0.000000000000000000e+00
7.326470000000000482e-01 1.472004477529999982e-03 6.066863221819999661e-06 1.251295420179999898e-06
7.354020000000000001e-01 1.285405759980000036e-03 6.100122999430000027e-06 1.255699895109999977e-06
7.332640000000000269e-01 1.480317488579999900e-03 6.074300977370000152e-06 1.252288373029999922e-06
7.425540000000000473e-01 1.437106088620000071e-03 6.186468893719999713e-06 1.267240017009999984e-06
7.217860000000000387e-01 1.259630332609999953e-03 5.935738959270000389e-06 1.233789056319999997e-06
7.299459999999999837e-01 2.432081381420000184e-03 6.034254679590000381e-06 1.247167282120000009e-06
0.000000000000000000e+00 0.000000000000000000e+00 0.000000000000000000e+00 0.000000000000000000e+00
0.000000000000000000e+00 0.000000000000000000e+00 0.000000000000000000e+00 0.000000000000000000e+00
7.311029999999999474e-01 1.742771525769999967e-03 6.048212704389999685e-06 1.248859961299999950e-06
0.000000000000000000e+00 0.000000000000000000e+00 0.000000000000000000e+00 0.000000000000000000e+00
0.000000000000000000e+00 0.000000000000000000e+00 0.000000000000000000e+00 0.000000000000000000e+00
7.225949999999999873e-01 3.365161929160000003e-03 5.945500293820000082e-06 1.235661866990000073e-06
0.000000000000000000e+00 0.000000000000000000e+00 0.000000000000000000e+00 0.000000000000000000e+00
0.000000000000000000e+00 0.000000000000000000e+00 0.000000000000000000e+00 0.000000000000000000e+00
7.412590000000000012e-01 1.412773079620000026e-03 6.170830609709999779e-06 1.265149839420000038e-06
0.000000000000000000e+00 0.000000000000000000e+00 0.000000000000000000e+00 0.000000000000000000e+00
0.000000000000000000e+00 0.000000000000000000e+00 0.000000000000000000e+00 0.000000000000000000e+00
0.000000000000000000e+00 0.000000000000000000e+00 0.000000000000000000e+00 0.000000000000000000e+00
0.000000000000000000e+00 0.000000000000000000e+00 0.000000000000000000e+00 0.000000000000000000e+00
7.379750000000000476e-01 1.243885661410000032e-03 6.131185127510000017e-06 1.259836044480000105e-06
0.000000000000000000e+00 0.000000000000000000e+00 0.000000000000000000e+00 0.000000000000000000e+00
0.000000000000000000e+00 0.000000000000000000e+00 0.000000000000000000e+00 0.000000000000000000e+00
8.460010000000000030e-01 2.559667227840000114e-01 7.435356272440000349e-06 3.402434323949999880e-06
7.519320000000000448e-01 1.957180890939999862e-01 6.299686702230000203e-06 2.685060148760000091e-06
8.093080000000000274e-01 4.054262657639999823e-01 6.992369424049999726e-06 5.076590490499999991e-06
8.115689999999999849e-01 8.266592016579999980e-01 7.019673816119999783e-06 1.005916387219999930e-05
7.961799999999999988e-01 1.942556312070000013e+00 6.833884640850000199e-06 2.345397515579999891e-05
7.421060000000000434e-01 1.251075691090000053e+00 6.181050327620000071e-06 1.513310044779999936e-05
7.106930000000000192e-01 9.890740599099999697e-01 5.801807548459999813e-06 1.198378452950000062e-05
7.992829999999999657e-01 2.835866847580000183e+00 6.871346145880000067e-06 3.420951585780000254e-05
6.136249999999999760e-01 3.297185809960000213e+00 4.629924974180000100e-06 3.975724853299999919e-05
5.617259999999999476e-01 3.081395924799999797e+00 4.003355954810000419e-06 3.715492876769999953e-05
3.166649999999999743e-01 9.715421494510000144e+00 1.044780003380000077e-06 1.171077751510000032e-04
7.860709999999999642e-01 2.182101608870000042e+00 6.711831619240000306e-06 2.633624781410000024e-05
