1.534220000000000028e-01 3.537409999999999860e-02
1.819540000000000046e-01 4.109840000000000021e-02
2.088730000000000031e-01 3.486589999999999828e-02
1.538049999999999973e-01 3.591420000000000029e-02
2.348119999999999929e-01 3.485570000000000335e-02
1.505299999999999971e-01 3.597530000000000172e-02
1.807159999999999878e-01 3.639640000000000236e-02
1.322659999999999947e-01 3.603110000000000340e-02
1.855700000000000127e-01 3.650280000000000191e-02
2.159290000000000098e-01 3.642979999999999829e-02
2.810929999999999818e-01 4.594940000000000135e-02
2.443019999999999914e-01 3.574100000000000193e-02
2.553219999999999934e-01 3.509629999999999694e-02
2.352259999999999907e-01 3.599259999999999959e-02
2.003739999999999966e-01 3.568419999999999925e-02
1.807570000000000010e-01 3.912539999999999768e-02
2.758399999999999741e-01 3.528839999999999755e-02
2.014980000000000104e-01 3.527269999999999711e-02
2.261910000000000032e-01 3.585850000000000148e-02
2.764490000000000003e-01 3.536229999999999929e-02
1.983330000000000093e-01 3.511849999999999694e-02
2.525290000000000035e-01 3.464960000000000262e-02
1.938209999999999933e-01 3.664390000000000008e-02
1.963439999999999908e-01 3.584160000000000124e-02
2.843680000000000097e-01 3.618860000000000132e-02
2.838470000000000160e-01 3.499159999999999771e-02
2.286310000000000009e-01 3.557319999999999927e-02
2.474840000000000095e-01 3.502929999999999933e-02
1.357339999999999935e-01 3.573930000000000162e-02
1.995069999999999899e-01 3.744249999999999662e-02
2.388800000000000090e-01 3.930820000000000147e-02
2.754940000000000166e-01 3.550629999999999759e-02
2.421699999999999964e-01 3.542769999999999947e-02
2.461669999999999969e-01 3.641540000000000055e-02
2.274059999999999970e-01 3.945599999999999802e-02
2.117779999999999940e-01 3.427790000000000004e-02
2.737040000000000028e-01 3.526719999999999855e-02
2.066600000000000104e-01 3.550210000000000171e-02
2.322799999999999865e-01 3.545650000000000190e-02
1.081569999999999927e-02 3.837460000000000176e-02
2.574940000000000007e-01 3.596619999999999678e-02
2.263400000000000134e-01 3.557500000000000245e-02
2.541220000000000145e-01 3.585680000000000117e-02
1.791600000000000137e-01 3.571379999999999694e-02
2.380819999999999881e-01 3.631000000000000200e-02
2.480289999999999995e-01 3.682780000000000081e-02
0.000000000000000000e+00 0.000000000000000000e+00
2.599299999999999944e-01 7.171890000000000000e+06
0.000000000000000000e+00 0.000000000000000000e+00
2.671589999999999798e-01 3.194070000000000000e+06
2.706529999999999769e-01 3.269780000000000000e+06
0.000000000000000000e+00 0.000000000000000000e+00
2.686990000000000212e-01 6.975440000000000000e+06
0.000000000000000000e+00 0.000000000000000000e+00
0.000000000000000000e+00 0.000000000000000000e+00
2.637410000000000032e-01 8.149260000000000000e+06
2.555200000000000249e-01 8.572520000000000000e+06
0.000000000000000000e+00 0.000000000000000000e+00
2.464800000000000046e-01 6.830190000000000000e+06
0.000000000000000000e+00 0.000000000000000000e+00
0.000000000000000000e+00 0.000000000000000000e+00
0.000000000000000000e+00 0.000000000000000000e+00
0.000000000000000000e+00 0.000000000000000000e+00
0.000000000000000000e+00 0.000000000000000000e+00
2.588710000000000178e-01 3.304850000000000000e+06
0.000000000000000000e+00 0.000000000000000000e+00
2.578269999999999729e-01 4.555980000000000000e+06
2.596740000000000159e-01 7.995630000000000000e+06
0.000000000000000000e+00 0.000000000000000000e+00
0.000000000000000000e+00 0.000000000000000000e+00
0.000000000000000000e+00 0.000000000000000000e+00
0.000000000000000000e+00 0.000000000000000000e+00
0.000000000000000000e+00 0.000000000000000000e+00
0.000000000000000000e+00 0.000000000000000000e+00
2.510089999999999821e-01 3.289840000000000000e+06
2.814650000000000207e-01 8.421970000000000000e+06
0.000000000000000000e+00 0.000000000000000000e+00
2.583199999999999941e-01 7.002720000000000000e+06
2.619469999999999854e-01 7.780060000000000000e+06
0.000000000000000000e+00 0.000000000000000000e+00
2.637439999999999785e-01 7.410830000000000000e+06
2.654099999999999793e-01 8.212530000000000000e+06
0.000000000000000000e+00 0.000000000000000000e+00
2.556379999999999764e-01 5.796830000000000000e+06
2.563210000000000210e-01 7.486170000000000000e+06
2.530709999999999904e-01 4.099690000000000000e+06
2.772479999999999944e-01 8.034680000000000000e+06
0.000000000000000000e+00 0.000000000000000000e+00
2.606600000000000028e-01 3.171180000000000000e+06
2.640600000000000169e-01 8.634650000000000000e+06
2.184339999999999893e-01 3.489939999999999709e-02
2.384259999999999990e-01 3.471810000000000174e-02
2.285459999999999992e-01 3.477290000000000242e-02
2.162620000000000098e-01 3.722059999999999952e-02
1.917959999999999943e-01 3.560069999999999901e-02
2.235890000000000100e-01 3.653010000000000285e-02
2.548179999999999890e-01 3.672509999999999664e-02
2.099530000000000007e-01 3.710490000000000316e-02
2.495120000000000116e-01 3.579109999999999930e-02
2.399330000000000074e-01 3.566380000000000244e-02
2.619639999999999747e-01 3.795389999999999875e-02
1.623130000000000128e-01 3.616439999999999932e-02
