2.949120000000000186e+00 5.170904383759999945e-03 1.950098613219999996e-05 4.898748820919999604e-06
4.456019999999999648e+00 5.797133978830000013e-03 3.045136477529999976e-05 7.393928832439999768e-06
2.738389999999999880e+00 6.566159848560000276e-03 1.796963486999999951e-05 4.550185470459999971e-06
2.666739999999999888e+00 5.013003629580000363e-03 1.744894910609999983e-05 4.431557184979999929e-06
2.809969999999999857e+00 5.795708439750000412e-03 1.848977834499999925e-05 4.668543622800000083e-06
3.315259999999999874e+00 4.736922994729999940e-03 2.216167235020000036e-05 5.504729595589999839e-06
2.899680000000000035e+00 4.792050843350000033e-03 1.914170323549999934e-05 4.816917331750000105e-06
2.787659999999999805e+00 2.981829692290000142e-03 1.832763741040000077e-05 4.631489669030000365e-06
3.288130000000000219e+00 4.624175386150000330e-03 2.196448707419999873e-05 5.459805316120000032e-06
2.739409999999999901e+00 4.745480572270000322e-03 1.797701727659999874e-05 4.551746913439999950e-06
2.885590000000000099e+00 4.025127314299999960e-03 1.903931803990000033e-05 4.793567375880000386e-06
3.029250000000000220e+00 7.034857833780000166e-03 2.008327973389999847e-05 5.031470556220000232e-06
3.121939999999999937e+00 3.753502149340000142e-03 2.075683727610000003e-05 5.184688868110000308e-06
2.831459999999999866e+00 4.510398709640000073e-03 1.864593677550000075e-05 4.704022273030000204e-06
2.738500000000000156e+00 4.721732903380000332e-03 1.797040758849999839e-05 4.550240947100000347e-06
2.988649999999999807e+00 4.065373820440000389e-03 1.978822082930000020e-05 4.964103513089999765e-06
2.718080000000000052e+00 2.950941054740000187e-03 1.782204910980000054e-05 4.516389200509999670e-06
3.274519999999999875e+00 6.665457502690000369e-03 2.186561203019999987e-05 5.437393343650000289e-06
3.258579999999999810e+00 4.866456707190000043e-03 2.174978049390000043e-05 5.410907166370000184e-06
2.869479999999999809e+00 4.670571637020000215e-03 1.892225119360000125e-05 4.766942911779999990e-06
2.846839999999999815e+00 5.552435531570000353e-03 1.875768122020000063e-05 4.729522697660000295e-06
3.111429999999999918e+00 1.295847259840000008e-02 2.068041091599999960e-05 5.168065372349999812e-06
3.076989999999999892e+00 4.200086585200000014e-03 2.043016621680000052e-05 5.110305449389999996e-06
2.752730000000000121e+00 6.248868421260000278e-03 1.807380459480000060e-05 4.573875476839999959e-06
2.786869999999999958e+00 5.813153638080000019e-03 1.832194944019999936e-05 4.630336255049999789e-06
2.643100000000000005e+00 3.703612811979999954e-03 1.727714745819999902e-05 4.392384594299999896e-06
4.038030000000000008e+00 3.507535797479999998e-03 2.741388128639999977e-05 6.701490486050000063e-06
2.654729999999999812e+00 8.954680906150000105e-03 1.736169082719999889e-05 4.412024353209999795e-06
2.674160000000000093e+00 3.358306188240000115e-03 1.750287653809999984e-05 4.443750033880000348e-06
2.788260000000000183e+00 5.402512145860000232e-03 1.833199997780000166e-05 4.632598191090000023e-06
2.848129999999999828e+00 4.272822206939999763e-03 1.876710803889999877e-05 4.731599068429999821e-06
3.933650000000000091e+00 7.827038598779999246e-03 2.665542520200000120e-05 6.528826745510000227e-06
2.845330000000000137e+00 4.572716923579999912e-03 1.874671936000000036e-05 4.726971664920000107e-06
3.101669999999999927e+00 2.132962180209999892e-01 2.060953218939999985e-05 5.378506286830000364e-06
2.611380000000000035e+00 2.481376644299999878e-01 1.704666598650000000e-05 4.698442491790000380e-06
3.758449999999999847e+00 9.659562167309999198e-03 2.538223640430000062e-05 6.238818680669999977e-06
2.634360000000000035e+00 3.317314020769999983e-02 1.721365460320000036e-05 4.384461522960000126e-06
3.234220000000000095e+00 1.758502373279999947e-02 2.157273787440000125e-05 5.371977878799999739e-06
4.137310000000000265e+00 1.433842258629999984e-02 2.813536816359999985e-05 6.866675170340000055e-06
3.007200000000000095e+00 1.280999740829999976e-02 1.992305153740000088e-05 4.995586029280000408e-06
2.815970000000000084e+00 1.622725609299999899e-02 1.853336243809999964e-05 4.679758583980000040e-06
2.751409999999999911e+00 1.693669845150000061e-02 1.806421491620000151e-05 4.573118835240000141e-06
3.072740000000000027e+00 1.670714971139999894e-02 2.039932158300000140e-05 5.104628999179999648e-06
2.832079999999999931e+00 1.547871413669999960e-02 1.865044660990000148e-05 4.706275355540000244e-06
2.910280000000000200e+00 5.774057792179999871e-02 1.921873079130000033e-05 4.852448867200000398e-06
2.840559999999999974e+00 1.632152298049999867e-02 1.871204405229999861e-05 4.720445652359999753e-06
0.000000000000000000e+00 0.000000000000000000e+00 0.000000000000000000e+00 0.000000000000000000e+00
0.000000000000000000e+00 0.000000000000000000e+00 0.000000000000000000e+00 0.000000000000000000e+00
0.000000000000000000e+00 0.000000000000000000e+00 0.000000000000000000e+00 0.000000000000000000e+00
0.000000000000000000e+00 0.000000000000000000e+00 0.000000000000000000e+00 0.000000000000000000e+00
0.000000000000000000e+00 0.000000000000000000e+00 0.000000000000000000e+00 0.000000000000000000e+00
0.000000000000000000e+00 0.000000000000000000e+00 0.000000000000000000e+00 0.000000000000000000e+00
0.000000000000000000e+00 0.000000000000000000e+00 0.000000000000000000e+00 0.000000000000000000e+00
0.000000000000000000e+00 0.000000000000000000e+00 0.000000000000000000e+00 0.000000000000000000e+00
0.000000000000000000e+00 0.000000000000000000e+00 0.000000000000000000e+00 0.000000000000000000e+00
0.000000000000000000e+00 0.000000000000000000e+00 0.000000000000000000e+00 0.000000000000000000e+00
0.000000000000000000e+00 0.000000000000000000e+00 0.000000000000000000e+00 0.000000000000000000e+00
0.000000000000000000e+00 0.000000000000000000e+00 0.000000000000000000e+00 0.000000000000000000e+00
0.000000000000000000e+00 0.000000000000000000e+00 0.000000000000000000e+00 0.000000000000000000e+00
0.000000000000000000e+00 0.000000000000000000e+00 0.000000000000000000e+00 0.000000000000000000e+00
0.000000000000000000e+00 0.000000000000000000e+00 0.000000000000000000e+00 0.000000000000000000e+00
0.000000000000000000e+00 0.000000000000000000e+00 0.000000000000000000e+00 0.000000000000000000e+00
0.000000000000000000e+00 0.000000000000000000e+00 0.000000000000000000e+00 0.000000000000000000e+00
