-3.593970000000000109e+00 6.333460000000000478e-02
-6.907960000000000100e+00 8.329169999999999630e-02
-3.212629999999999875e+00 5.871969999999999967e-02
-3.188619999999999788e+00 6.043729999999999936e-02
-3.453590000000000160e+00 6.066040000000000321e-02
-4.103509999999999991e+00 6.494210000000000260e-02
-3.505209999999999937e+00 6.144089999999999968e-02
-3.320129999999999804e+00 5.987080000000000179e-02
-4.325059999999999683e+00 6.705220000000000624e-02
-3.360860000000000181e+00 6.008209999999999940e-02
-3.544970000000000176e+00 6.116479999999999834e-02
-3.669509999999999827e+00 6.228310000000000096e-02
-3.897240000000000038e+00 6.350169999999999426e-02
-3.386829999999999785e+00 6.015670000000000045e-02
-3.398829999999999796e+00 6.011740000000000139e-02
-3.522159999999999958e+00 6.144619999999999943e-02
-3.230529999999999902e+00 5.915399999999999825e-02
-4.270719999999999850e+00 6.765069999999999417e-02
-3.976339999999999986e+00 6.477370000000000350e-02
-3.452859999999999818e+00 6.115430000000000171e-02
-3.548509999999999831e+00 6.151360000000000161e-02
-3.771790000000000198e+00 6.302900000000000169e-02
-3.857330000000000148e+00 6.313549999999999718e-02
-3.345839999999999925e+00 6.077309999999999657e-02
-3.392100000000000115e+00 5.999750000000000222e-02
-3.159139999999999837e+00 5.866219999999999768e-02
-5.871109999999999829e+00 7.437380000000000380e-02
-3.125469999999999970e+00 5.829789999999999972e-02
-3.238070000000000004e+00 5.963740000000000013e-02
-3.525920000000000165e+00 6.101460000000000217e-02
-3.479239999999999888e+00 6.115609999999999796e-02
-5.006730000000000125e+00 6.977070000000000494e-02
-3.418410000000000171e+00 6.191510000000000069e-02
-3.420999999999999819e+00 6.194600000000000106e-02
-3.245909999999999851e+00 6.150429999999999786e-02
-4.687850000000000072e+00 6.771449999999999692e-02
-3.280600000000000183e+00 6.027260000000000256e-02
-3.740219999999999878e+00 6.280719999999999359e-02
-4.878479999999999706e+00 7.079950000000000132e-02
-3.663159999999999972e+00 6.250759999999999650e-02
-3.416440000000000143e+00 6.136080000000000007e-02
-3.376860000000000195e+00 6.088369999999999893e-02
-3.784660000000000135e+00 6.482780000000000487e-02
-3.506209999999999827e+00 6.258940000000000337e-02
-3.494810000000000194e+00 6.344439999999999802e-02
-3.404339999999999922e+00 6.173010000000000302e-02
1.217289999999999983e+00 2.725230000000000014e-02
-4.678239999999999732e+00 1.133279999999999982e-01
0.000000000000000000e+00 0.000000000000000000e+00
1.370859999999999967e+00 5.131820000000000132e-02
-1.313779999999999948e+00 6.896009999999999640e-02
-1.872940000000000049e+00 7.299179999999999557e-02
-4.740090000000000359e+00 1.117900000000000005e-01
0.000000000000000000e+00 0.000000000000000000e+00
-1.627380000000000049e+00 7.135569999999999413e-02
0.000000000000000000e+00 0.000000000000000000e+00
7.929850000000000509e-01 6.191429999999999850e-02
-6.356330000000000313e-02 6.329949999999999466e-02
1.454120000000000079e+00 6.166340000000000016e-02
5.254400000000000182e-01 6.243660000000000182e-02
0.000000000000000000e+00 0.000000000000000000e+00
8.948800000000000088e-01 6.056210000000000065e-02
0.000000000000000000e+00 0.000000000000000000e+00
