0.000000000000000000e+00 0.000000000000000000e+00
0.000000000000000000e+00 0.000000000000000000e+00
0.000000000000000000e+00 0.000000000000000000e+00
1.829270000000000063e-01 1.789140000000000000e+06
0.000000000000000000e+00 0.000000000000000000e+00
1.744729999999999892e-01 1.649630000000000000e+06
0.000000000000000000e+00 0.000000000000000000e+00
1.757660000000000056e-01 1.120200000000000000e+06
1.791800000000000059e-01 1.684820000000000000e+06
1.814689999999999914e-01 1.424370000000000000e+06
1.747239999999999904e-01 1.499780000000000000e+06
1.766949999999999910e-01 1.813000000000000000e+06
1.822239999999999971e-01 1.583290000000000000e+06
0.000000000000000000e+00 0.000000000000000000e+00
0.000000000000000000e+00 0.000000000000000000e+00
0.000000000000000000e+00 0.000000000000000000e+00
1.776520000000000044e-01 1.155670000000000000e+06
0.000000000000000000e+00 0.000000000000000000e+00
1.701660000000000117e-01 1.042260000000000000e+06
