1.440023779869079590e+00 1.777413430334149336e-01 2.223697365328992912e-05 4.012798736823853474e-06
1.347616314888000488e+00 3.137183716739855299e-02 2.056474742863197499e-05 2.324457200785787493e-06
1.642589926719665527e+00 6.982473700035400632e-03 2.590265610720014574e-05 2.742659992350668828e-06
1.544273614883422852e+00 1.248991521034483083e-02 2.412350206377002315e-05 2.587656732830326045e-06
1.440985560417175293e+00 4.586913095915214761e-03 2.225437824993394540e-05 2.409226923296546330e-06
1.531761765480041504e+00 5.898905374129504581e-02 2.389708482901967848e-05 2.770405565827879781e-06
1.364670515060424805e+00 1.114985295015284879e-02 2.087336406230690057e-05 2.291190505149751557e-06
1.348356008529663086e+00 8.189275821409288877e-03 2.057813309077576776e-05 2.260354390814691036e-06
1.455458045005798340e+00 4.423813968588640247e-03 2.251627557900805139e-05 2.432923468427488248e-06
1.305930256843566895e+00 6.172721591500914158e-03 1.981038716694977415e-05 2.188656367209853381e-06
1.374388575553894043e+00 3.706310133569924205e-03 2.104922426595299447e-05 2.299265528418599499e-06
1.270789504051208496e+00 1.010451812525449238e-02 1.917447221802615615e-05 2.135935201744959398e-06
1.337947130203247070e+00 9.509448796749366342e-03 2.038977169258925903e-05 2.244988135608497404e-06
