-3.196086287498474121e-01 2.631030045449733734e-02
-2.675002217292785645e-01 2.530346438288688660e-02
-5.402497053146362305e-01 2.439856715500354767e-02
-3.909646272659301758e-01 2.449001744389533997e-02
-3.169194459915161133e-01 2.443435788154602051e-02
-2.961353957653045654e-01 2.564003504812717438e-02
-2.062966525554656982e-01 2.355384267866611481e-02
-1.913286149501800537e-01 2.584332227706909180e-02
-3.182005286216735840e-01 2.430558577179908752e-02
-1.976972222328186035e-01 2.351839840412139893e-02
-2.982111573219299316e-01 2.393473684787750244e-02
-1.517395824193954468e-01 2.456909976899623871e-02
-2.302760034799575806e-01 2.459853142499923706e-02
