4.590303897857666016e-01 7.421424368194778909e-02 2.222964889813818398e-06 7.535090257148258072e-07
5.249518156051635742e-01 7.887027672641942766e-02 2.893341397556655261e-06 8.007824701235741275e-07
4.880492985248565674e-01 2.407004936706456585e-02 2.518067649761937413e-06 2.443870414581386738e-07
4.742509424686431885e-01 3.189598669645932888e-02 2.377747660766269416e-06 3.238450284942839536e-07
4.569353461265563965e-01 2.616822528798634986e-02 2.201659706645027635e-06 2.656901554631480056e-07
4.643313884735107422e-01 2.278225201396802749e-02 2.276872476666917599e-06 2.313118300067021406e-07
4.811275005340576172e-01 1.777956132786532098e-02 2.447677625476270028e-06 1.805187153993129589e-07
5.309401750564575195e-01 2.568316062271174816e-01 2.954238980492217167e-06 2.607652167289322585e-06
5.375311970710754395e-01 1.212526533929678824e-01 3.021265235851451893e-06 1.231097484669195982e-06
4.845390617847442627e-01 2.882297193088290133e-02 2.482370905980423233e-06 2.926442205747118684e-07
5.214053392410278320e-01 4.238617204710138919e-01 2.857276121203329661e-06 4.303535496483296222e-06
5.019158720970153809e-01 3.849716283745573953e-01 2.659081364955696087e-06 3.908678202900328122e-06
5.483078956604003906e-01 1.575362482644807050e-01 3.130857003254987780e-06 1.599490597158939995e-06
4.934690594673156738e-01 1.881456523469571818e-01 2.573182968768549240e-06 1.910272747641308633e-06
5.178583860397338867e-01 9.941960173880731721e-02 2.821205995737216422e-06 1.009423036960585705e-06
5.215440988540649414e-01 1.603664201784619492e-01 2.858687213024347048e-06 1.628225782963012577e-06
5.748383998870849609e-01 8.616812847650369422e-02 3.400654365054588156e-06 8.748787202394374458e-07
5.104091167449951172e-01 2.523965330486934167e-01 2.745451943500477534e-06 2.562622163561599220e-06
5.418781042098999023e-01 1.114082081165353871e-01 3.065470354156858591e-06 1.131145265244342791e-06
6.435320377349853516e-01 3.103892799161064864e-01 4.099222402262856578e-06 3.151431750813652006e-06
6.040096879005432129e-01 1.310401859006463943e-01 3.697306719607703015e-06 1.330471859696438214e-06
5.447707176208496094e-01 2.033435543918280242e-01 3.094886284601008854e-06 2.064579465524435837e-06
5.823306441307067871e-01 1.275150829191770696e-01 3.476845443581255708e-06 1.294680928180720542e-06
5.043245553970336914e-01 3.477122109300635061e-02 2.683576052060137193e-06 3.530377408545783674e-07
5.330244898796081543e-01 1.270138043177830231e-02 2.975435058623300881e-06 1.289591366772982390e-07
5.752294659614562988e-01 1.633611872902763495e-01 3.404631243679028115e-06 1.658632130002495538e-06
5.865736007690429688e-01 1.609637574154369200e-01 3.519993455299096911e-06 1.634290642983484136e-06
5.567201375961303711e-01 4.603325546457084361e-01 3.216403838765076979e-06 4.673829679413380689e-06
5.111900568008422852e-01 3.434464671910396338e-02 2.753393577967389625e-06 3.487066633561455066e-07
4.675274193286895752e-01 7.765540038334030337e-02 2.309373958191346910e-06 7.884476372906658679e-07
5.185716748237609863e-01 1.569043441628662286e-02 2.828459662327472363e-06 1.593074774261205125e-07
5.301478505134582520e-01 8.464737765492230670e-02 2.946181573457515764e-06 8.594382951529044628e-07
5.048332810401916504e-01 2.808357892399965944e-02 2.688749449264769686e-06 2.851370457172192704e-07
5.471134185791015625e-01 1.518344347982656939e-01 3.118709975723548428e-06 1.541599177714610429e-06
4.498223662376403809e-01 6.513135414674142698e-02 2.129325491201321863e-06 6.612890029159743820e-07
5.445993542671203613e-01 9.787424277374101589e-02 3.093143634693179758e-06 9.937327614773899414e-07
5.281444787979125977e-01 2.406722893673161334e-01 2.925808632222025526e-06 2.443584051801569352e-06
4.698730111122131348e-01 1.547489262805071090e-02 2.333227047060157892e-06 1.571190473512886812e-07
5.267666578292846680e-01 7.894225065648609319e-02 2.911797120823984277e-06 8.015132328886548821e-07
5.259260535240173340e-01 8.516923542814054671e-02 2.903248741119598186e-06 8.647368001669094687e-07
5.475583672523498535e-01 2.820526333521483076e-01 3.123234804092919572e-06 2.863725269077623660e-06
5.159106850624084473e-01 3.173463541225994555e-02 2.801399188419608685e-06 3.222068032301964182e-07
5.296705365180969238e-01 1.684002605852266687e-02 2.941327611557727154e-06 1.709794643027029742e-07
5.361081361770629883e-01 1.829438717395058533e-01 3.006793664877743023e-06 1.857458241381557462e-06
5.796136856079101562e-01 1.817821031632391449e-01 3.449215805060018208e-06 1.845662620156062538e-06
5.415305495262145996e-01 1.533506629600001059e-01 3.061935957074232861e-06 1.556993683516032099e-06
4.957312941551208496e-01 2.801882916573500415e-02 2.596188372108282131e-06 2.844796311180169965e-07
4.832603931427001953e-01 1.434917024612609726e-01 2.469367706972528904e-06 1.456894088729312015e-06
5.385026335716247559e-01 1.321903126016493735e-01 3.031144090876771145e-06 1.342149279109824561e-06
5.497254133224487305e-01 8.776296458170324000e-02 3.145272203292547231e-06 8.910713449996362586e-07
5.869835019111633301e-01 1.186448762742668556e-01 3.524161873878622768e-06 1.204620308610986095e-06
5.162819027900695801e-01 1.941077492231439022e-02 2.805174222724289543e-06 1.970806865965627526e-07
6.684860587120056152e-01 3.541991896963330166e-01 4.352987991049530922e-06 3.596240736223857193e-06
5.202135443687438965e-01 1.544440511243273806e-01 2.845156369931316436e-06 1.568095027537823496e-06
5.624017715454101562e-01 2.915012262756099815e-01 3.274182229900400410e-06 2.959658336571315537e-06
5.690255761146545410e-01 3.170847027143757768e-01 3.341541861763741468e-06 3.219411443918035213e-06
5.211598873138427734e-01 2.601435304962746928e-02 2.854780040396220185e-06 2.641278661416095735e-07
6.191753745079040527e-01 2.263167008512711187e-01 3.851531539520099031e-06 2.297829477212820772e-06
4.999201893806457520e-01 1.287443123062261829e-01 2.638786615663896678e-06 1.307161489753036551e-06
5.255870223045349121e-01 1.448749154582600895e-01 2.899801021928040171e-06 1.470938070396653461e-06
5.494099855422973633e-01 1.347734134919737758e-01 3.142064515183945572e-06 1.368375913494631744e-06
5.880806446075439453e-01 1.561776835238068706e-01 3.535319076262415477e-06 1.585696873160312742e-06
5.388160943984985352e-01 1.246240410311084540e-01 3.034331776395126865e-06 1.265327719843582611e-06
5.020647048950195312e-01 1.585634578862312960e+00 2.660594894284339109e-06 1.609920019907048959e-05
5.223580598831176758e-01 2.616353383784939327e-02 2.866964648551758867e-06 2.656425224233634038e-07
4.859440028667449951e-01 1.058340598460584953e-01 2.496658210668225545e-06 1.074550050847531552e-06
6.945278048515319824e-01 6.902723792833431737e-01 4.617815012242454603e-06 7.008445308971928935e-06
5.167784690856933594e-01 5.832979617966970592e-02 2.810223967552853764e-06 5.922317025535945125e-07
4.735448062419891357e-01 1.166179530202964831e-01 2.370566730867817893e-06 1.184040634271874736e-06
4.979878664016723633e-01 5.021446609422874907e-02 2.619136192233670599e-06 5.098354648146352882e-07
5.277401804924011230e-01 1.112543068205365387e-01 2.921697190717747014e-06 1.129582680895961820e-06
4.610455334186553955e-01 9.508559436789099095e-02 2.243457543521237852e-06 9.654191704589535580e-07
5.579531192779541016e-01 8.139414062124629423e-02 3.228942432154066705e-06 8.264076618667920937e-07
5.008993744850158691e-01 7.070920165958466397e-02 2.648744268772004685e-06 7.179217763091865566e-07
5.328361392021179199e-01 2.446424241974803210e-02 2.973519659072435128e-06 2.483893462494401115e-07
4.993527829647064209e-01 3.043316753479957323e-02 2.633016474516913579e-06 3.089927927695218947e-07
5.686100721359252930e-01 3.408451116993751334e-02 3.337316466108967421e-06 3.460654657304411797e-07
5.114024281501770020e-01 6.353435615855179686e-02 2.755553251574900600e-06 6.450744282137597365e-07
5.274263620376586914e-01 1.849446468523635242e-02 2.918505868364801201e-06 1.877772429483033385e-07
4.935459792613983154e-01 4.496618340570137512e-02 2.573965191275002255e-06 4.565488155259059070e-07
5.190727114677429199e-01 2.553099243517004818e-02 2.833554867588414874e-06 2.592202289065039719e-07
5.025681853294372559e-01 1.594393638028948623e-02 2.665714951248314351e-06 1.618813232060655393e-07
4.933555424213409424e-01 5.499454394423538423e-02 2.572028576855693865e-06 5.583683558730621686e-07
5.044654011726379395e-01 3.332070146668534433e-02 2.685008358749598065e-06 3.383103842693190820e-07
5.415882468223571777e-01 3.046408452335522266e-02 3.062522699721460075e-06 3.093066978741059112e-07
5.035278201103210449e-01 4.652578737324757768e-02 2.675473790732155426e-06 4.723837227860680162e-07
5.425080657005310059e-01 3.342263538064363382e-02 3.071876638287586250e-06 3.393453355183431321e-07
5.142130255699157715e-01 2.619314408801547145e-02 2.784135134619685412e-06 2.659431600051386172e-07
5.077301859855651855e-01 4.128576853530760427e-02 2.718209021724002770e-06 4.191809776873679473e-07
5.383527874946594238e-01 2.207864036280189970e-02 3.029620257183455768e-06 2.241679489476440461e-07
4.945505559444427490e-01 2.567835807226572786e-01 2.584181059639018781e-06 2.607164556700304782e-06
5.204212665557861328e-01 1.007261623029631105e-02 2.847268764689154497e-06 1.022688754279671262e-07
5.305052995681762695e-01 1.501149813764291775e-02 2.949816589630471658e-06 1.524141293508411747e-07
4.984242320060729980e-01 2.182044060486013418e-02 2.623573736572875256e-06 2.215464057182837845e-07
5.023787021636962891e-01 1.720137763365774120e-02 2.663788035054579545e-06 1.746483243464357878e-07
5.082275867462158203e-01 1.291494458496739162e-02 2.723267252499943876e-06 1.311274875088013093e-07
5.230506062507629395e-01 3.810592144457296271e-02 2.874007378735780896e-06 3.868954841703813986e-07
5.760349631309509277e-01 2.459824550739905108e-02 3.412822607454470992e-06 2.497499009220906320e-07
4.948466122150421143e-01 6.628967701603830087e-02 2.587191752540648131e-06 6.730496393302938496e-07
4.689027667045593262e-01 2.573538680939482445e-02 2.323360314816805618e-06 2.612954775130078286e-07
5.292606949806213379e-01 2.871942498353603074e-02 2.937159799117299223e-06 2.915928919410137252e-07
4.662401080131530762e-01 2.840104100551817806e-02 2.296282869014188169e-06 2.883602887481875459e-07
5.139255523681640625e-01 4.921618873763670965e-02 2.781211725748221702e-06 4.996997959586335138e-07
5.139930248260498047e-01 2.391227000053287172e-02 2.781897875207583228e-06 2.427850824425256064e-07
5.266729593276977539e-01 1.597451308652914764e-02 2.910844270161338193e-06 1.621917733701466460e-07
5.194533467292785645e-01 3.956849290846478628e-02 2.837425671870639104e-06 4.017452049802898388e-07
5.219359397888183594e-01 1.538091750598445662e-02 2.862671971457065966e-06 1.561649029828161777e-07
5.433268547058105469e-01 9.350793292324162398e-02 3.080203171081967301e-06 9.494009227603010358e-07
5.184327363967895508e-01 3.633050532351394385e-02 2.827046752089160352e-06 3.688694017737082080e-07
4.820556044578552246e-01 5.304520064473846469e-02 2.457115817377070522e-06 5.385763631569126794e-07
5.199586153030395508e-01 8.566504900071358550e-03 2.842563913007565663e-06 8.697708742673853054e-08
5.240303874015808105e-01 1.863710749599553976e-02 2.883971093234872393e-06 1.892255181044985093e-07
4.659466743469238281e-01 7.550226723125862127e-02 2.293298846232886174e-06 7.665865337724203104e-07
5.173738002777099609e-01 4.698420970414074471e-02 2.816278084867425849e-06 4.770381576597505482e-07
4.938245415687561035e-01 2.081984146217091478e-02 2.576797982351259194e-06 2.113871633985747361e-07
5.151656866073608398e-01 6.421753723926215685e-02 2.793823055829016692e-06 6.520108744398915467e-07
4.919705092906951904e-01 2.554561922266210261e-02 2.557943722626748579e-06 2.593687370074516634e-07
4.949512481689453125e-01 3.521635735442957271e-02 2.588255829727845698e-06 3.575572801507383142e-07
5.047824382781982422e-01 4.834802671525455925e-02 2.688232412613855569e-06 4.908852087959415657e-07
5.245437026023864746e-01 2.311448584784427454e-02 2.889191163150079874e-06 2.346850529899673650e-07
4.982194602489471436e-01 8.964986616969386479e-02 2.621491345700407374e-06 9.102293570825973214e-07
4.473390579223632812e-01 4.537724943432298180e-02 2.104071917945714813e-06 4.607224343268810792e-07
4.878647923469543457e-01 3.867218147958731422e-02 2.516191346182916652e-06 3.926448124140740012e-07
5.008378028869628906e-01 2.055285403230806135e-02 2.648118127083383518e-06 2.086763975378293331e-07
4.578326344490051270e-01 3.080609975559939900e-02 2.210784524631968582e-06 3.127792329515013776e-07
5.190371870994567871e-01 2.160669560927269348e-02 2.833193608685782795e-06 2.193762187651330555e-07
5.282394886016845703e-01 3.192510217422003110e-02 2.926774817944836135e-06 3.241406425730948578e-07
4.993893802165985107e-01 2.047081507020409585e-02 2.633388643923315939e-06 2.078434429008389209e-07
4.489783048629760742e-01 6.035346776990125478e-02 2.120741955429229838e-06 6.127783622333328534e-07
4.659467041492462158e-01 2.410647001446543716e-02 2.293299149302435984e-06 2.447568260867679409e-07
5.491264462471008301e-01 9.771584004547477498e-02 3.139181111492974588e-06 9.921244733708913150e-07
5.009464621543884277e-01 2.248995588348396552e-02 2.649223118659721547e-06 2.283441008812103977e-07
4.488468468189239502e-01 3.745568984599093043e-02 2.119405115647763376e-06 3.802935792795050820e-07
5.427604913711547852e-01 7.921738076042901533e-02 3.074443637369205520e-06 8.043066726150679239e-07
4.929931461811065674e-01 1.766669514921633335e-02 2.568343251137572043e-06 1.793727671272477507e-07
4.537292122840881348e-01 6.985349971503661270e-02 2.169055484543424574e-06 7.092336982994994942e-07
5.237009525299072266e-01 3.809958425050768288e-02 2.880620962438152374e-06 3.868311416306075457e-07
4.729710221290588379e-01 2.195081366990884186e-01 2.364731732837308489e-06 2.228701041938124362e-06
4.725901186466217041e-01 2.726134820950211479e-02 2.360858200929141900e-06 2.767888064324665303e-07
5.259028673171997070e-01 2.268124042240440494e-02 2.903012953010330696e-06 2.302862432437190229e-07
5.682155489921569824e-01 1.033830515988887755e-01 3.333304431416821528e-06 1.049664574088397112e-06
5.315914154052734375e-01 3.190843513354435501e-02 2.960861656281065149e-06 3.239714194569111389e-07
5.101142525672912598e-01 3.019289500884218477e-02 2.742453373380815164e-06 3.065532675792351641e-07
4.613506495952606201e-01 4.362601947712452244e-02 2.246560369565820480e-06 4.429419179005955919e-07
5.175054073333740234e-01 1.773942512345026354e-02 2.817616439996637971e-06 1.801112061290670656e-07
5.193899273872375488e-01 4.048475210547629322e-02 2.836780739869967849e-06 4.110481304106317898e-07
5.386194586753845215e-01 7.152931836566009394e-02 3.032332123509586794e-06 7.262485517300303469e-07
5.130130052566528320e-01 3.302916382808342155e-02 2.771931736152097488e-06 3.353503562326044220e-07
5.248192548751831055e-01 1.351375039249774236e-02 2.891993344201868708e-06 1.372072581598134932e-07
5.306691527366638184e-01 5.150111582873254101e-02 2.951482866011905395e-06 5.228990243118806649e-07
4.839529395103454590e-01 4.211366425676766889e-01 2.476410437156550934e-06 4.275867346892759948e-06
5.023139119148254395e-01 3.235687536503113748e-02 2.663129161854645840e-06 3.285245044868826504e-07
4.927955269813537598e-01 3.485661623476729587e-02 2.566333596956909426e-06 3.539047713176904616e-07
4.661662876605987549e-01 2.884127627171756414e-02 2.295532165740850148e-06 2.928300674599511596e-07
5.229670405387878418e-01 2.755308863338709613e-02 2.873157571719858372e-06 2.797508933804289767e-07
4.636479020118713379e-01 1.242617263783610398e-01 2.269921879625848848e-06 1.261649081519598570e-06
5.166786313056945801e-01 2.206338054115595734e-02 2.809208684563075618e-06 2.240130135501980625e-07
4.627531766891479492e-01 8.768156244973560054e-02 2.260823125620139024e-06 8.902448562003578573e-07
4.773878157138824463e-01 2.718933468628654399e-02 2.409647549235560482e-06 2.760576416718444753e-07
5.114422440528869629e-01 2.807695011179283176e-02 2.755958152492614652e-06 2.850697423320494767e-07
4.711627066135406494e-01 4.567900570551449713e-01 2.346342381801251438e-06 4.637862137663549805e-06
4.176850318908691406e-01 1.451524779410812427e-01 1.802510442834858623e-06 1.473756206452878167e-06
4.411092102527618408e-01 6.578949461697369827e-02 2.040718562453085120e-06 6.679712078392436880e-07
5.126150846481323242e-01 1.951353660588216882e-02 2.767885151531344434e-06 1.981240423221538421e-07
4.638033807277679443e-01 9.029748819331562260e-02 2.271502993463960533e-06 9.168047665436438321e-07
5.199813246726989746e-01 2.837870761399903241e-01 2.842794852004046361e-06 2.881335342702113163e-06
5.244393348693847656e-01 1.139463351402743296e-01 2.888129813588825513e-06 1.156915272805077514e-06
4.641775488853454590e-01 8.385997094489597292e-02 2.275308031654011570e-06 8.514436295270446405e-07
5.745349526405334473e-01 3.965522800147813776e-02 3.397568510904760146e-06 4.026258401816921640e-07
