1.929896026849746704e-01 4.048379883170127869e-02
2.053621709346771240e-01 4.144742712378501892e-02
2.037965804338455200e-01 4.098530858755111694e-02
2.376110702753067017e-01 4.223566502332687378e-02
1.936237812042236328e-01 4.089484736323356628e-02
1.893281936645507812e-01 4.192956909537315369e-02
1.682270467281341553e-01 4.006280004978179932e-02
2.094467729330062866e-01 4.068831726908683777e-02
2.053876221179962158e-01 4.033103585243225098e-02
1.570041328668594360e-01 4.045768827199935913e-02
1.527769863605499268e-01 4.158057272434234619e-02
1.814356595277786255e-01 4.140379279851913452e-02
1.682526767253875732e-01 4.063447192311286926e-02
1.670588403940200806e-01 4.064439982175827026e-02
1.563893109560012817e-01 4.062946140766143799e-02
1.835774183273315430e-01 4.065239429473876953e-02
1.489406526088714600e-01 4.041348025202751160e-02
1.707060337066650391e-01 4.070701822638511658e-02
1.570859253406524658e-01 4.056034982204437256e-02
1.332966983318328857e-01 4.148527234792709351e-02
1.413952410221099854e-01 4.056375473737716675e-02
1.806167364120483398e-01 4.063548892736434937e-02
1.857967674732208252e-01 4.045731574296951294e-02
1.614022701978683472e-01 3.969804570078849792e-02
1.359337568283081055e-01 4.002609848976135254e-02
1.545200645923614502e-01 4.061140865087509155e-02
1.662472784519195557e-01 4.056964069604873657e-02
1.648908853530883789e-01 4.156547784805297852e-02
1.645312160253524780e-01 4.039163887500762939e-02
1.786602288484573364e-01 4.030354693531990051e-02
2.000749409198760986e-01 4.027725383639335632e-02
1.490649878978729248e-01 4.091927409172058105e-02
1.658076047897338867e-01 4.033527150750160217e-02
1.657073348760604858e-01 4.043211415410041809e-02
1.929293572902679443e-01 4.003259167075157166e-02
1.705126762390136719e-01 4.046312347054481506e-02
1.855972409248352051e-01 4.044400155544281006e-02
1.857724636793136597e-01 3.990206122398376465e-02
1.760077476501464844e-01 4.031077772378921509e-02
1.676021218299865723e-01 4.028087109327316284e-02
1.531123518943786621e-01 4.092052951455116272e-02
1.895749866962432861e-01 4.004616662859916687e-02
1.579911112785339355e-01 4.036658629775047302e-02
1.821902394294738770e-01 4.079572856426239014e-02
1.691980212926864624e-01 4.069507494568824768e-02
1.755145937204360962e-01 4.082167148590087891e-02
1.895069628953933716e-01 4.050038754940032959e-02
1.705030500888824463e-01 4.042208194732666016e-02
1.625104844570159912e-01 4.068383574485778809e-02
1.774467527866363525e-01 4.046192392706871033e-02
1.724544167518615723e-01 4.053094983100891113e-02
1.909231096506118774e-01 4.023113101720809937e-02
1.903626620769500732e-01 4.105085134506225586e-02
1.710469126701354980e-01 4.029006510972976685e-02
1.669999361038208008e-01 4.079281166195869446e-02
1.624502539634704590e-01 4.108774289488792419e-02
1.847307235002517700e-01 3.978839144110679626e-02
1.828098446130752563e-01 4.099232330918312073e-02
1.694488078355789185e-01 4.050979390740394592e-02
1.852956712245941162e-01 4.069557413458824158e-02
1.648318171501159668e-01 4.043753445148468018e-02
1.400872617959976196e-01 4.065904393792152405e-02
1.746802777051925659e-01 4.042214900255203247e-02
1.690927594900131226e-01 4.107720404863357544e-02
1.399773955345153809e-01 4.018106311559677124e-02
1.688910722732543945e-01 4.063013941049575806e-02
1.934101283550262451e-01 4.204887896776199341e-02
1.826831698417663574e-01 4.120823368430137634e-02
1.611755192279815674e-01 4.047818109393119812e-02
1.668667495250701904e-01 4.044689238071441650e-02
1.565662622451782227e-01 4.057319834828376770e-02
1.796390712261199951e-01 4.016461968421936035e-02
1.377466022968292236e-01 4.054293408989906311e-02
1.868104338645935059e-01 4.011105000972747803e-02
1.782771050930023193e-01 4.035288095474243164e-02
1.726779341697692871e-01 4.076149687170982361e-02
1.351946890354156494e-01 4.078892245888710022e-02
1.984996795654296875e-01 4.075748473405838013e-02
1.635631173849105835e-01 4.053424298763275146e-02
1.833775788545608521e-01 4.086196795105934143e-02
1.826694309711456299e-01 4.258270561695098877e-02
1.961082220077514648e-01 4.039796069264411926e-02
1.838556081056594849e-01 4.030981659889221191e-02
1.796172112226486206e-01 4.065145924687385559e-02
1.911657899618148804e-01 4.159098863601684570e-02
2.006753981113433838e-01 4.081973060965538025e-02
2.177397161722183228e-01 4.134246334433555603e-02
1.792583167552947998e-01 4.114138707518577576e-02
1.900629401206970215e-01 4.072380438446998596e-02
1.884250044822692871e-01 4.242462292313575745e-02
1.577407717704772949e-01 4.096444696187973022e-02
1.572229564189910889e-01 4.007912799715995789e-02
1.855714619159698486e-01 4.023161903023719788e-02
1.656325459480285645e-01 4.035260155797004700e-02
1.546228080987930298e-01 4.010821506381034851e-02
1.772812604904174805e-01 4.020740091800689697e-02
1.913750916719436646e-01 4.154865443706512451e-02
1.576569974422454834e-01 4.038188233971595764e-02
1.826243102550506592e-01 4.038716852664947510e-02
1.925557851791381836e-01 4.213172197341918945e-02
1.622665524482727051e-01 4.020595178008079529e-02
1.742292642593383789e-01 4.011959582567214966e-02
2.094919383525848389e-01 4.181874915957450867e-02
1.711073815822601318e-01 4.028805717825889587e-02
1.920221894979476929e-01 4.046326875686645508e-02
1.766473650932312012e-01 4.093556851148605347e-02
1.809797286987304688e-01 4.006046801805496216e-02
1.802350133657455444e-01 4.057438671588897705e-02
1.519984006881713867e-01 4.093271121382713318e-02
1.860486418008804321e-01 4.013000428676605225e-02
1.761080026626586914e-01 3.987562283873558044e-02
1.804597526788711548e-01 4.010935127735137939e-02
2.099951505661010742e-01 4.089884459972381592e-02
1.966477334499359131e-01 4.103158041834831238e-02
1.622529625892639160e-01 4.034660756587982178e-02
1.959875077009201050e-01 4.047425463795661926e-02
1.851658821105957031e-01 4.103231802582740784e-02
1.838339865207672119e-01 4.114043340086936951e-02
1.642734408378601074e-01 4.111953452229499817e-02
1.844615042209625244e-01 4.152731597423553467e-02
1.741686612367630005e-01 4.170894622802734375e-02
2.067426741123199463e-01 4.013767838478088379e-02
2.040418684482574463e-01 4.040086269378662109e-02
2.039586156606674194e-01 4.014933854341506958e-02
1.799849271774291992e-01 4.016745090484619141e-02
1.895019859075546265e-01 3.998816385865211487e-02
1.965626925230026245e-01 4.025701433420181274e-02
1.905112117528915405e-01 4.009934142231941223e-02
1.941483169794082642e-01 4.078967869281768799e-02
1.893418580293655396e-01 4.058650135993957520e-02
2.094375193119049072e-01 4.039278626441955566e-02
1.650211662054061890e-01 4.030971601605415344e-02
1.967348158359527588e-01 4.026420414447784424e-02
2.060450315475463867e-01 4.088170826435089111e-02
1.782722026109695435e-01 4.027070105075836182e-02
1.744058728218078613e-01 4.081897437572479248e-02
1.840112060308456421e-01 4.097002372145652771e-02
2.177376151084899902e-01 4.104984924197196960e-02
1.782318651676177979e-01 4.052167758345603943e-02
2.074165493249893188e-01 4.085105657577514648e-02
1.926894783973693848e-01 4.052061960101127625e-02
1.920432746410369873e-01 4.054976254701614380e-02
2.041430771350860596e-01 4.017506912350654602e-02
2.099414169788360596e-01 4.011342301964759827e-02
1.806341856718063354e-01 4.011382162570953369e-02
1.841125935316085815e-01 4.027540981769561768e-02
1.860945820808410645e-01 4.060452058911323547e-02
1.963875591754913330e-01 4.027815535664558411e-02
1.774168014526367188e-01 4.013912752270698547e-02
1.848686337471008301e-01 4.032657667994499207e-02
1.333903074264526367e-01 4.250020906329154968e-02
1.897169351577758789e-01 4.031175002455711365e-02
1.952226161956787109e-01 4.103160277009010315e-02
2.099836617708206177e-01 4.015697538852691650e-02
1.934529691934585571e-01 4.039226099848747253e-02
1.771383881568908691e-01 4.096871986985206604e-02
2.170847952365875244e-01 4.017568379640579224e-02
2.338413000106811523e-01 4.032998532056808472e-02
2.306136190891265869e-01 3.983402252197265625e-02
1.860106438398361206e-01 4.020426794886589050e-02
2.166431844234466553e-01 4.128272086381912231e-02
2.069415450096130371e-01 4.056219756603240967e-02
2.014355063438415527e-01 4.041887447237968445e-02
1.941795051097869873e-01 4.014867544174194336e-02
2.028493881225585938e-01 4.034949094057083130e-02
2.325510978698730469e-01 4.141676053404808044e-02
1.860147565603256226e-01 4.026325047016143799e-02
1.910947412252426147e-01 4.046186432242393494e-02
1.983705013990402222e-01 4.015975818037986755e-02
