1.028403504730591278e+00 3.306288474669016875e-04 1.112641778506495761e-05 4.567794809880279384e-09
1.327338584083602280e+00 1.872460627572063759e-04 1.525634811153632229e-05 2.586893431065497680e-09
9.352227688293945906e-01 5.389280387056886524e-04 9.839081591955189086e-06 7.445547226018255346e-09
8.046689791123743385e-01 1.861575717683956776e-04 8.035418881794048027e-06 2.571855410253388038e-09
1.176999715052996276e+00 2.797160852980788790e-04 1.317934511877714399e-05 3.864410781011779674e-09
8.675197330085908654e-01 9.972483946323971310e-04 8.903731945350731915e-06 1.377746096888691608e-08
1.048958744370193763e+00 1.693651323700184072e-03 1.141039819893680200e-05 2.339859871700704788e-08
4.294590596976966546e-01 2.039990634059710758e-03 2.851715355472031616e-06 2.818344104531033338e-08
1.124586718750738124e+00 5.597291822359011949e-04 1.245523464168486465e-05 7.732924919116831881e-09
9.739232758489724251e-01 1.108566444552272582e-04 1.037374750649387659e-05 1.531537278319375117e-09
1.025654281871060558e+00 2.815323496280511479e-04 1.108843596343874328e-05 3.889503336738178122e-09
9.998072260733255057e-01 1.139971149404031694e-04 1.073134659199362321e-05 1.574924372012719031e-09
1.110025018608278735e+00 3.461418756802676694e-04 1.225405782712872416e-05 4.782114674288460047e-09
1.286798064911685469e+00 2.992128717120076794e-04 1.469626155380826085e-05 4.133768160058396013e-09
1.204036545896254085e+00 2.172974967347275188e-04 1.355287179845928144e-05 3.002068287112269249e-09
1.195845746381374752e+00 1.603594776364194302e-04 1.343971200674878811e-05 2.215442467512084730e-09
8.700591177010112975e-01 1.829554383053729957e-03 8.938814752877042493e-06 2.527616413187642914e-08
1.138695104451736384e+00 1.969664799982972104e-04 1.265014870158781945e-05 2.721185619311927714e-09
1.086306878842209001e+00 8.188106770054994063e-04 1.192638044339918139e-05 1.131225901597922244e-08
1.007009080114439348e+00 1.887454429617904943e-04 1.083084363153675812e-05 2.607608081855979864e-09
1.075460902763873294e+00 5.742191686097387459e-04 1.177653812438112549e-05 7.933110973844791836e-09
