-2.189379999999999882e+00 1.907340000000000000e+06
-2.460280000000000022e+00 1.800790000000000000e+06
-3.383070000000000022e+00 1.923160000000000000e+06
-2.472820000000000018e+00 1.922820000000000000e+06
-2.473040000000000127e+00 1.814760000000000000e+06
-2.065399999999999903e+00 2.226280000000000000e+06
-2.756079999999999863e+00 1.946770000000000000e+06
-2.200390000000000068e+00 1.606110000000000000e+06
0.000000000000000000e+00 0.000000000000000000e+00
-2.738789999999999836e+00 1.954800000000000000e+06
0.000000000000000000e+00 0.000000000000000000e+00
-2.072130000000000027e+00 2.195460000000000000e+06
-2.281670000000000087e+00 1.957610000000000000e+06
-2.369990000000000041e+00 1.697650000000000000e+06
-2.437879999999999825e+00 1.775590000000000000e+06
-2.279389999999999805e+00 1.749800000000000000e+06
-1.977989999999999915e+00 2.003190000000000000e+06
-1.970490000000000075e+00 1.822880000000000000e+06
-2.459470000000000045e+00 1.675500000000000000e+06
-2.059120000000000061e+00 1.742780000000000000e+06
-2.658539999999999903e+00 2.238110000000000000e+06
-2.920549999999999979e+00 2.242310000000000000e+06
-2.165820000000000078e+00 1.801950000000000000e+06
-2.674139999999999961e+00 2.218580000000000000e+06
0.000000000000000000e+00 0.000000000000000000e+00
-2.390249999999999986e+00 2.145960000000000000e+06
-2.920430000000000081e+00 2.043380000000000000e+06
-1.901690000000000103e+00 1.810310000000000000e+06
-3.157280000000000086e+00 1.864710000000000000e+06
-2.466959999999999820e+00 2.346040000000000000e+06
-2.596859999999999946e+00 2.166420000000000000e+06
-2.420389999999999819e+00 1.967050000000000000e+06
-1.923149999999999915e+00 1.595530000000000000e+06
-2.083460000000000090e+00 2.191800000000000000e+06
-2.056459999999999955e+00 2.132800000000000000e+06
-2.362519999999999953e+00 1.663960000000000000e+06
-2.269359999999999822e+00 1.690550000000000000e+06
0.000000000000000000e+00 0.000000000000000000e+00
-2.146739999999999871e+00 1.256970000000000000e+06
-2.643679999999999808e+00 2.114980000000000000e+06
-2.307859999999999800e+00 2.163700000000000000e+06
-3.383770000000000167e+00 2.067170000000000000e+06
-2.275339999999999918e+00 2.047890000000000000e+06
-2.626139999999999919e+00 1.985520000000000000e+06
-2.480230000000000157e+00 2.193900000000000000e+06
-2.238500000000000156e+00 2.053070000000000000e+06
-2.240349999999999842e+00 2.087310000000000000e+06
-2.653680000000000039e+00 1.735930000000000000e+06
-2.274509999999999810e+00 1.860980000000000000e+06
0.000000000000000000e+00 0.000000000000000000e+00
0.000000000000000000e+00 0.000000000000000000e+00
-2.307659999999999823e+00 1.863430000000000000e+06
-3.138149999999999995e+00 1.957900000000000000e+06
-2.376009999999999955e+00 2.215330000000000000e+06
-2.281070000000000153e+00 1.264750000000000000e+06
-2.229439999999999866e+00 1.829000000000000000e+06
-2.177799999999999958e+00 1.563040000000000000e+06
0.000000000000000000e+00 0.000000000000000000e+00
0.000000000000000000e+00 0.000000000000000000e+00
-2.444900000000000073e+00 2.159530000000000000e+06
-1.855590000000000073e+00 1.864730000000000000e+06
-2.072789999999999910e+00 2.140340000000000000e+06
-2.476910000000000167e+00 2.195260000000000000e+06
-2.011849999999999916e+00 1.599480000000000000e+06
0.000000000000000000e+00 0.000000000000000000e+00
-2.395729999999999915e+00 1.878290000000000000e+06
-2.341470000000000162e+00 1.974190000000000000e+06
-2.278939999999999966e+00 1.156490000000000000e+06
-4.039150000000000240e+00 1.715960000000000000e+06
-2.541459999999999830e+00 2.074710000000000000e+06
-2.541770000000000085e+00 1.192919999999999953e-01
-1.903720000000000079e+00 1.104630000000000056e-01
-3.674119999999999830e+00 1.427259999999999918e-01
-3.405269999999999797e+00 1.373169999999999946e-01
-3.388419999999999987e+00 1.384319999999999995e-01
-2.420770000000000088e+00 1.212749999999999939e-01
-1.177359999999999962e+00 9.873700000000000532e-02
-3.000459999999999905e+00 1.290260000000000018e-01
-2.995190000000000019e+00 1.304470000000000074e-01
-2.515579999999999927e+01 4.879649999999999821e-01
-2.252180000000000071e+00 1.173570000000000030e-01
-6.850480000000000125e+00 1.983679999999999888e-01
-2.445770000000000000e+00 1.186539999999999956e-01
-1.950110000000000010e+00 1.097909999999999997e-01
-1.764680000000000026e+00 1.084299999999999986e-01
-1.564389999999999947e+00 1.047079999999999955e-01
-2.441390000000000171e+00 1.207239999999999980e-01
-1.639389999999999903e+00 1.063299999999999940e-01
-2.662230000000000096e+00 1.236259999999999998e-01
-2.094689999999999941e+00 1.124880000000000047e-01
-2.581290000000000084e+00 1.216310000000000030e-01
-3.251240000000000130e+00 1.365439999999999987e-01
-2.026450000000000085e+00 1.118719999999999992e-01
-1.940269999999999939e+00 1.112729999999999969e-01
-3.140060000000000073e+00 1.320099999999999885e-01
-2.162310000000000176e+00 1.154369999999999979e-01
-1.740439999999999987e+00 1.073979999999999935e-01
-4.286340000000000039e+00 1.556520000000000126e-01
-2.394930000000000003e+00 1.199579999999999952e-01
-1.809129999999999905e+00 1.084669999999999940e-01
-2.536410000000000053e+00 1.195689999999999947e-01
-2.817590000000000039e+00 1.254699999999999982e-01
-2.446019999999999861e+00 1.202300000000000035e-01
-2.345930000000000071e+00 1.183580000000000049e-01
-1.701540000000000052e+00 1.069380000000000053e-01
-2.737779999999999880e+00 1.261510000000000131e-01
-1.670800000000000063e+00 1.061109999999999970e-01
-2.491600000000000037e+00 1.203830000000000039e-01
-2.561479999999999979e+00 1.203720000000000068e-01
-2.752050000000000107e+00 1.228479999999999989e-01
-2.894969999999999821e+00 1.209979999999999944e-01
-2.750140000000000029e+00 1.255249999999999977e-01
-2.108400000000000052e+00 1.127539999999999931e-01
-2.323500000000000121e+00 1.180510000000000032e-01
-1.844530000000000003e+00 1.091509999999999980e-01
-2.325569999999999915e+00 1.180409999999999932e-01
-2.581589999999999829e+00 1.209029999999999966e-01
-2.011670000000000069e+00 1.118930000000000063e-01
-2.961899999999999977e+00 1.248800000000000049e-01
-1.762250000000000094e+00 1.080539999999999973e-01
-2.002619999999999845e+00 1.113230000000000053e-01
-1.731519999999999948e+00 1.078319999999999973e-01
-2.199190000000000200e+00 1.166470000000000007e-01
-2.434870000000000090e+00 1.201880000000000032e-01
-3.277000000000000135e+00 1.319639999999999980e-01
-3.214059999999999917e+00 1.294820000000000138e-01
-3.269600000000000062e+00 1.304230000000000111e-01
-3.473250000000000171e+00 1.357240000000000113e-01
-1.692809999999999926e+00 1.071539999999999992e-01
-2.717360000000000220e+00 1.253599999999999992e-01
-2.657560000000000144e+00 1.223309999999999953e-01
-1.942620000000000013e+00 1.101400000000000018e-01
-2.928539999999999921e+00 1.285940000000000139e-01
-2.763399999999999856e+00 1.261480000000000101e-01
-2.814140000000000086e+00 1.233709999999999946e-01
-7.798099999999999810e+00 2.096210000000000018e-01
-2.059159999999999879e+00 1.125929999999999986e-01
-2.192810000000000148e+00 1.151989999999999958e-01
-3.614339999999999886e+00 1.409499999999999920e-01
-2.912799999999999834e+00 1.251309999999999922e-01
-2.559709999999999930e+00 1.193440000000000056e-01
-1.903969999999999940e+00 1.100209999999999938e-01
-2.167199999999999793e+00 1.149899999999999950e-01
-2.371239999999999792e+00 1.189769999999999994e-01
-2.239539999999999864e+00 1.173570000000000030e-01
-2.362899999999999778e+00 1.187330000000000052e-01
-2.239440000000000097e+00 1.166679999999999939e-01
-2.226939999999999920e+00 1.160709999999999936e-01
-6.825730000000000075e+00 1.977839999999999876e-01
-5.112499999999999822e+00 1.729269999999999974e-01
-2.079759999999999831e+00 1.144880000000000064e-01
-2.212790000000000035e+00 1.170260000000000050e-01
-2.116150000000000198e+00 1.142959999999999948e-01
-2.514569999999999972e+00 1.223650000000000015e-01
-3.424830000000000041e+00 1.325330000000000119e-01
-4.425609999999999822e+00 1.541540000000000132e-01
-2.375469999999999970e+00 1.192020000000000024e-01
-4.098169999999999646e+00 1.520390000000000075e-01
-3.273060000000000080e+00 1.364289999999999947e-01
-3.074489999999999945e+00 1.300129999999999897e-01
-2.808910000000000018e+00 1.268839999999999968e-01
-3.110189999999999788e+00 1.311640000000000028e-01
-1.834629999999999983e+00 1.093340000000000006e-01
-3.165770000000000195e+00 1.355959999999999943e-01
-3.558479999999999865e+00 1.410579999999999889e-01
-1.172879999999999967e+01 2.614929999999999755e-01
-2.966270000000000184e+00 1.302389999999999937e-01
-2.778509999999999813e+00 1.265400000000000136e-01
-2.235050000000000203e+00 1.171510000000000051e-01
-8.489839999999999609e-01 7.324749999999999317e-02
-2.202449999999999797e+00 8.632960000000000633e-02
-1.185459999999999958e+00 9.411999999999999533e-02
-2.397040000000000060e+00 1.147900000000000031e-01
-2.155429999999999957e+00 1.137760000000000021e-01
-1.338419999999999943e+00 1.021330000000000016e-01
