0.000000000000000000e+00 0.000000000000000000e+00 0.000000000000000000e+00 0.000000000000000000e+00
0.000000000000000000e+00 0.000000000000000000e+00 0.000000000000000000e+00 0.000000000000000000e+00
0.000000000000000000e+00 0.000000000000000000e+00 0.000000000000000000e+00 0.000000000000000000e+00
0.000000000000000000e+00 0.000000000000000000e+00 0.000000000000000000e+00 0.000000000000000000e+00
0.000000000000000000e+00 0.000000000000000000e+00 0.000000000000000000e+00 0.000000000000000000e+00
0.000000000000000000e+00 0.000000000000000000e+00 0.000000000000000000e+00 0.000000000000000000e+00
0.000000000000000000e+00 0.000000000000000000e+00 0.000000000000000000e+00 0.000000000000000000e+00
0.000000000000000000e+00 0.000000000000000000e+00 0.000000000000000000e+00 0.000000000000000000e+00
3.623069999999999791e+00 9.005108116209999906e-04 4.177748648350000059e-06 1.226800923539999985e-09
0.000000000000000000e+00 0.000000000000000000e+00 0.000000000000000000e+00 0.000000000000000000e+00
3.651279999999999859e+00 9.177525036910000192e-04 4.216242949840000262e-06 1.250289951639999939e-09
0.000000000000000000e+00 0.000000000000000000e+00 0.000000000000000000e+00 0.000000000000000000e+00
0.000000000000000000e+00 0.000000000000000000e+00 0.000000000000000000e+00 0.000000000000000000e+00
0.000000000000000000e+00 0.000000000000000000e+00 0.000000000000000000e+00 0.000000000000000000e+00
0.000000000000000000e+00 0.000000000000000000e+00 0.000000000000000000e+00 0.000000000000000000e+00
0.000000000000000000e+00 0.000000000000000000e+00 0.000000000000000000e+00 0.000000000000000000e+00
0.000000000000000000e+00 0.000000000000000000e+00 0.000000000000000000e+00 0.000000000000000000e+00
0.000000000000000000e+00 0.000000000000000000e+00 0.000000000000000000e+00 0.000000000000000000e+00
0.000000000000000000e+00 0.000000000000000000e+00 0.000000000000000000e+00 0.000000000000000000e+00
0.000000000000000000e+00 0.000000000000000000e+00 0.000000000000000000e+00 0.000000000000000000e+00
0.000000000000000000e+00 0.000000000000000000e+00 0.000000000000000000e+00 0.000000000000000000e+00
0.000000000000000000e+00 0.000000000000000000e+00 0.000000000000000000e+00 0.000000000000000000e+00
0.000000000000000000e+00 0.000000000000000000e+00 0.000000000000000000e+00 0.000000000000000000e+00
0.000000000000000000e+00 0.000000000000000000e+00 0.000000000000000000e+00 0.000000000000000000e+00
3.432119999999999838e+00 9.943628026069998953e-04 3.917199490779999614e-06 1.354659143269999901e-09
0.000000000000000000e+00 0.000000000000000000e+00 0.000000000000000000e+00 0.000000000000000000e+00
0.000000000000000000e+00 0.000000000000000000e+00 0.000000000000000000e+00 0.000000000000000000e+00
0.000000000000000000e+00 0.000000000000000000e+00 0.000000000000000000e+00 0.000000000000000000e+00
0.000000000000000000e+00 0.000000000000000000e+00 0.000000000000000000e+00 0.000000000000000000e+00
0.000000000000000000e+00 0.000000000000000000e+00 0.000000000000000000e+00 0.000000000000000000e+00
0.000000000000000000e+00 0.000000000000000000e+00 0.000000000000000000e+00 0.000000000000000000e+00
0.000000000000000000e+00 0.000000000000000000e+00 0.000000000000000000e+00 0.000000000000000000e+00
0.000000000000000000e+00 0.000000000000000000e+00 0.000000000000000000e+00 0.000000000000000000e+00
0.000000000000000000e+00 0.000000000000000000e+00 0.000000000000000000e+00 0.000000000000000000e+00
0.000000000000000000e+00 0.000000000000000000e+00 0.000000000000000000e+00 0.000000000000000000e+00
0.000000000000000000e+00 0.000000000000000000e+00 0.000000000000000000e+00 0.000000000000000000e+00
0.000000000000000000e+00 0.000000000000000000e+00 0.000000000000000000e+00 0.000000000000000000e+00
3.602230000000000043e+00 1.027482770330000010e-03 4.149310440640000298e-06 1.399779764220000101e-09
0.000000000000000000e+00 0.000000000000000000e+00 0.000000000000000000e+00 0.000000000000000000e+00
0.000000000000000000e+00 0.000000000000000000e+00 0.000000000000000000e+00 0.000000000000000000e+00
0.000000000000000000e+00 0.000000000000000000e+00 0.000000000000000000e+00 0.000000000000000000e+00
0.000000000000000000e+00 0.000000000000000000e+00 0.000000000000000000e+00 0.000000000000000000e+00
0.000000000000000000e+00 0.000000000000000000e+00 0.000000000000000000e+00 0.000000000000000000e+00
0.000000000000000000e+00 0.000000000000000000e+00 0.000000000000000000e+00 0.000000000000000000e+00
0.000000000000000000e+00 0.000000000000000000e+00 0.000000000000000000e+00 0.000000000000000000e+00
0.000000000000000000e+00 0.000000000000000000e+00 0.000000000000000000e+00 0.000000000000000000e+00
0.000000000000000000e+00 0.000000000000000000e+00 0.000000000000000000e+00 0.000000000000000000e+00
0.000000000000000000e+00 0.000000000000000000e+00 0.000000000000000000e+00 0.000000000000000000e+00
0.000000000000000000e+00 0.000000000000000000e+00 0.000000000000000000e+00 0.000000000000000000e+00
3.256969999999999921e+00 8.309668877769999570e-04 3.678200128069999897e-06 1.132058529670000000e-09
3.354449999999999932e+00 1.019557937089999927e-03 3.811211821310000116e-06 1.388983455479999964e-09
0.000000000000000000e+00 0.000000000000000000e+00 0.000000000000000000e+00 0.000000000000000000e+00
0.000000000000000000e+00 0.000000000000000000e+00 0.000000000000000000e+00 0.000000000000000000e+00
0.000000000000000000e+00 0.000000000000000000e+00 0.000000000000000000e+00 0.000000000000000000e+00
0.000000000000000000e+00 0.000000000000000000e+00 0.000000000000000000e+00 0.000000000000000000e+00
0.000000000000000000e+00 0.000000000000000000e+00 0.000000000000000000e+00 0.000000000000000000e+00
0.000000000000000000e+00 0.000000000000000000e+00 0.000000000000000000e+00 0.000000000000000000e+00
3.340730000000000199e+00 8.377797070250000457e-04 3.792500804710000021e-06 1.141339898470000085e-09
3.467509999999999870e+00 8.336756193959999608e-04 3.965482794959999648e-06 1.135748740169999992e-09
0.000000000000000000e+00 0.000000000000000000e+00 0.000000000000000000e+00 0.000000000000000000e+00
0.000000000000000000e+00 0.000000000000000000e+00 0.000000000000000000e+00 0.000000000000000000e+00
0.000000000000000000e+00 0.000000000000000000e+00 0.000000000000000000e+00 0.000000000000000000e+00
0.000000000000000000e+00 0.000000000000000000e+00 0.000000000000000000e+00 0.000000000000000000e+00
0.000000000000000000e+00 0.000000000000000000e+00 0.000000000000000000e+00 0.000000000000000000e+00
3.505590000000000206e+00 8.417292432309999477e-04 4.017448442829999993e-06 1.146720505339999999e-09
0.000000000000000000e+00 0.000000000000000000e+00 0.000000000000000000e+00 0.000000000000000000e+00
0.000000000000000000e+00 0.000000000000000000e+00 0.000000000000000000e+00 0.000000000000000000e+00
0.000000000000000000e+00 0.000000000000000000e+00 0.000000000000000000e+00 0.000000000000000000e+00
0.000000000000000000e+00 0.000000000000000000e+00 0.000000000000000000e+00 0.000000000000000000e+00
0.000000000000000000e+00 0.000000000000000000e+00 0.000000000000000000e+00 0.000000000000000000e+00
3.664610000000000145e+00 9.013386903579999332e-02 4.234436050450000411e-06 1.227928774970000066e-07
3.135559999999999903e+00 2.601519993349999949e-01 3.512543786279999924e-06 3.544151929399999972e-07
4.410739999999999661e+00 1.485567404769999877e-01 5.252538851249999773e-06 2.023846288840000021e-07
3.928770000000000095e+00 1.088251594249999982e-01 4.594887039219999800e-06 1.482567497969999996e-07
5.196139999999999759e+00 4.943051376820000176e-01 6.324223510139999612e-06 6.734111257690000345e-07
4.082169999999999632e+00 1.038132454439999908e+00 4.804199925590000096e-06 1.414288243329999986e-06
2.589150000000000063e+00 2.454275894290000037e-01 2.766964022499999817e-06 3.343555563009999974e-07
4.542860000000000120e+00 3.513867025160000157e-01 5.432812656270000283e-06 4.787077796340000515e-07
3.964700000000000113e+00 2.216546574920000012e-01 4.643911757070000390e-06 3.019687659600000011e-07
2.542869999999999919e+01 1.516815817399999877e-01 3.393165101860000160e-05 2.066417217449999925e-07
4.324320000000000164e+00 1.581108659160000052e+01 5.134614063949999774e-06 2.154005857840000126e-05
7.713580000000000325e+00 2.567878676950000050e-01 9.759289632729999646e-06 3.498321054870000206e-07
4.175150000000000361e+00 2.168794701010000048e-01 4.931069174179999886e-06 2.954633423440000116e-07
3.328040000000000109e+00 1.981512052000000135e-01 3.775185103249999805e-06 2.699490982269999749e-07
3.107390000000000096e+00 8.463836050759999452e+00 3.474100885999999945e-06 1.153061323619999922e-05
2.847350000000000048e+00 6.720172925959999599e-01 3.119276052510000115e-06 9.155153103720000510e-07
3.706319999999999837e+00 5.699888104320000259e+00 4.291345323600000107e-06 7.765179385119999866e-06
2.845909999999999940e+00 3.772593960840000094e+00 3.117304913679999879e-06 5.139551569609999950e-06
3.980500000000000149e+00 2.102909662889999964e+01 4.665462527890000140e-06 2.864875671970000100e-05
3.449079999999999924e+00 6.625513341650000143e+01 3.940344675099999601e-06 9.026194668180000395e-05
4.229930000000000412e+00 3.274186443910000133e+00 5.005816293999999600e-06 4.460551612940000246e-06
3.530819999999999848e+00 3.075793586889999931e-01 4.051882699340000017e-06 4.190273303039999825e-07
1.493570000000000064e+00 2.179711628150000191e+00 1.272031223160000003e-06 2.969505978130000064e-06
3.355049999999999866e+00 7.693015779630000273e-01 3.812042373779999990e-06 1.048049478309999954e-06
5.051919999999999966e+00 1.699064399939999959e+01 6.127430397099999890e-06 2.314701553949999866e-05
2.913629999999999942e+00 7.962827500580000439e+00 3.209717133069999809e-06 1.084806979070000015e-05
2.583689999999999820e+00 1.142870368310000018e+01 2.759511172299999887e-06 1.556976779449999873e-05
5.896080000000000432e+00 7.139052899380000206e+00 7.279296389850000366e-06 9.725809592920000790e-06
3.060350000000000126e+00 3.617070588679999865e+00 3.409912811050000089e-06 4.927676027270000035e-06
3.095279999999999809e+00 3.664551940229999971e+00 3.457573770199999806e-06 4.992361720300000326e-06
4.646899999999999586e+00 1.887427020599999992e+02 5.574777594539999818e-06 2.571315282509999784e-04
4.313589999999999591e+00 5.396012883670000093e+00 5.119977081269999671e-06 7.351198346210000383e-06
3.644779999999999909e+00 6.106553915740000349e+01 4.207382422180000136e-06 8.319196046090000470e-05
3.605469999999999953e+00 1.439191188439999936e+00 4.153737125900000065e-06 1.960666164520000092e-06
2.809210000000000207e+00 9.412513479790000304e+00 3.067239809310000007e-06 1.282303341710000015e-05
4.058399999999999785e+00 5.272361577749999917e+00 4.771768364349999738e-06 7.182743360070000094e-06
2.849650000000000016e+00 5.140908164449999873e+00 3.122408273110000146e-06 7.003659259409999608e-06
3.755020000000000024e+00 1.081093814069999937e+01 4.357804486210000206e-06 1.472816175470000056e-05
4.189930000000000376e+00 3.545550276480000207e+00 4.951237317500000028e-06 4.830241122619999980e-06
7.916129999999999889e+00 2.646551408330000044e+01 1.003567003779999970e-05 3.605499978510000233e-05
4.503459999999999575e+00 3.375272031800000128e-01 5.379045688769999758e-06 4.598264443230000004e-07
3.537560000000000038e+00 8.005394130700000233e+01 4.061071804349999692e-06 1.090605996749999945e-04
3.623009999999999842e+00 1.753089287599999935e+00 4.177666016020000361e-06 2.388301760879999996e-06
4.110789999999999722e+00 4.842846473049999823e+00 4.843245976790000077e-06 6.597598217650000314e-06
3.131409999999999805e+00 1.139160371560000051e+01 3.506880869379999940e-06 1.551922506500000103e-05
3.297769999999999868e+00 3.737448291229999810e+07 3.733881953320000172e-06 5.091671256139999713e+01
3.664200000000000124e+00 2.533948108969999780e+00 4.233879746210000044e-06 3.452096121640000055e-06
3.049869999999999859e+00 3.097324797799999807e+00 3.395621647910000113e-06 4.219606109580000137e-06
3.783399999999999874e+00 1.475665733019999971e+04 4.396525863930000324e-06 2.010356856079999893e-02
3.336190000000000211e+00 1.613884485239999833e+01 3.786307934810000082e-06 2.198657641230000054e-05
3.464649999999999785e+00 4.760459994539999684e+00 3.961590291900000396e-06 6.485359911760000035e-06
4.397780000000000022e+00 8.669366817960000162e+02 5.234849677699999827e-06 1.181061579889999911e-03
3.755320000000000213e+00 3.018455280639999927e+01 4.358214719920000361e-06 4.112159097009999937e-05
3.571579999999999977e+00 8.762688169549999628e+00 4.107494254579999639e-06 1.193775110790000052e-05
6.180109999999999992e+00 9.281377562330000046e+02 7.666853058749999389e-06 1.264438185339999965e-03
4.970620000000000260e+00 3.375617405409999883e+00 6.016489017289999714e-06 4.598734959140000129e-06
4.585899999999999643e+00 1.456447880949999956e+02 5.491536262019999610e-06 1.984175628310000080e-04
5.305909999999999904e+00 3.467067896009999828e+01 6.473999480459999872e-06 4.723321521430000114e-05
2.790230000000000210e+00 8.983913221880000322e+01 3.041333924530000192e-06 1.223913460609999933e-04
3.241000000000000103e+00 2.750985940669999907e-01 3.656417726479999996e-06 3.747775206159999746e-07
4.536469999999999558e+00 5.376283683190000318e+01 5.424099175120000378e-06 7.324320488610000545e-05
3.177770000000000206e+00 1.039323373919999938e+01 3.570141770589999986e-06 1.415910679280000034e-05
4.032079999999999664e+00 8.984524150269999510e+00 4.735846725969999709e-06 1.223996689759999939e-05
3.691860000000000142e+00 6.272609430079999493e-01 4.271617994450000388e-06 8.545419935599999554e-07
3.603050000000000086e+00 6.683340624050000542e+02 4.150434435459999641e-06 9.104975025440000327e-04
1.381269999999999953e+01 2.178594079959999874e+01 1.808155682569999840e-05 2.967983498730000040e-05
3.352090000000000014e+00 6.181703111759999647e-01 3.808004450840000087e-06 8.421574720379999693e-07
3.225020000000000220e+00 3.765689326460000075e+01 3.634604744420000180e-06 5.130145117490000060e-05
5.194639999999999702e+00 2.087197059090000195e+00 6.322170714959999688e-06 2.843469780339999905e-06
4.656830000000000247e+00 1.970473240240000052e+02 5.588325392079999853e-06 2.684452379409999877e-04
5.562990000000000101e+00 4.418370816009999658e+01 6.824791270879999638e-06 6.019318510890000101e-05
2.935779999999999834e+00 6.040987565210000021e+00 3.239937791610000167e-06 8.229872455140000464e-06
3.516610000000000014e+00 7.296730837239999801e+01 4.032484598199999902e-06 9.940620383970000544e-05
3.780120000000000147e+00 9.929785765909999284e+00 4.392050054730000240e-06 1.352773358300000047e-05
3.471750000000000114e+00 4.397198195529999794e+03 3.971279420079999598e-06 5.990474226030000245e-03
3.704689999999999817e+00 4.740696761819999949e+01 4.289117178719999600e-06 6.458435690710000155e-05
3.153849999999999820e+00 9.895527451500000432e+06 3.537494519449999947e-06 1.348106214799999947e+01
4.519330000000000069e+00 1.120361305770000016e+01 5.400703165899999783e-06 1.526311807570000079e-05
1.163710000000000022e+01 1.228566095590000060e+02 1.511303021180000015e-05 1.673723403709999899e-04
6.105760000000000076e+00 7.586214863619999971e-01 7.565398130199999951e-06 1.033499573880000075e-06
3.581840000000000135e+00 1.337470191990000057e+00 4.121492951349999731e-06 1.822087692419999935e-06
4.040759999999999685e+00 1.331616196139999930e+00 4.747694379670000018e-06 1.814112566059999976e-06
3.888139999999999930e+00 9.953940968290000413e-01 4.539438471359999599e-06 1.356064115520000070e-06
4.004139999999999588e+00 6.084495765820000512e-01 4.697720691379999865e-06 8.289145370030000015e-07
4.901259999999999728e+00 3.402227255570000053e-01 5.921858087429999775e-06 4.634986593589999797e-07
4.239370000000000083e+00 2.027272657629999864e-01 5.018698478389999908e-06 2.761832436170000145e-07
2.911220000000000141e+00 4.493787704730000110e-01 3.206426479620000098e-06 6.122061873360000100e-07
5.334249999999999936e+00 6.560041125450000177e-01 6.512674662169999633e-06 8.936999320090000231e-07
4.499520000000000408e+00 3.029233529590000251e-01 5.373671334360000322e-06 4.126842725009999759e-07
4.384019999999999584e+00 3.747244586299999902e+00 5.216069367069999935e-06 5.105017130159999786e-06
4.799459999999999837e+00 3.423090333369999883e+01 5.782947291969999961e-06 4.663409176390000078e-05
4.196740000000000137e+00 8.942180167809999247e+00 4.960535731419999911e-06 1.218228004239999992e-05
3.157090000000000174e+00 2.575998735260000005e-01 3.541913722260000084e-06 3.509383326309999756e-07
3.761480000000000157e+00 9.390859747499999965e-01 4.366611986030000114e-06 1.279353369490000007e-06
4.222489999999999633e+00 2.014075987989999983e-01 4.995670085429999759e-06 2.743854099549999816e-07
1.088790000000000013e+01 7.305267004959999921e-01 1.409073691109999922e-05 9.952249537440000792e-07
4.354409999999999670e+00 1.263417343390000003e+00 5.175675172729999666e-06 1.721202614890000057e-06
3.857870000000000132e+00 4.199129296279999757e+00 4.498140851950000211e-06 5.720637256409999903e-06
3.544449999999999878e+00 1.610891869550000077e+00 4.070471719400000127e-06 2.194580684419999958e-06
3.198739999999999917e-01 2.141941647359999878e-03 -3.294861747510000168e-07 2.918050463409999809e-09
3.402080000000000104e-01 2.142403493880000020e-03 -3.017401347689999944e-07 2.918679654890000188e-09
3.770769999999999955e-01 3.933556062360000355e-03 -2.514315659620000225e-07 5.358836504610000179e-09
8.926169999999999938e-01 1.583734793580000022e-01 4.520260851020000164e-07 2.157583542960000102e-07
2.589480000000000004e+00 8.781997333659999905e-01 2.767415572370000210e-06 1.196405673360000045e-06
1.429869999999999974e+00 2.194385298609999868e+00 1.185112264149999909e-06 2.989496490439999842e-06
