5.676889999999999992e-01 8.721058565410000352e-03 3.286600439099999876e-06 9.917171078550000101e-07
6.392689999999999761e-01 5.552864234169999601e-03 4.006976640579999768e-06 1.102910335509999985e-06
6.026749999999999607e-01 3.999409927510000004e-03 3.638696261839999908e-06 1.044025509780000004e-06
6.017409999999999703e-01 3.239889637210000180e-03 3.629293011400000171e-06 1.042276775890000057e-06
6.020980000000000221e-01 7.976068445839999688e-03 3.632892112100000028e-06 1.045412485159999921e-06
6.274739999999999762e-01 2.663073893980000013e-03 3.888265102720000388e-06 1.083024563200000044e-06
6.591719999999999802e-01 1.971656082190000048e-03 4.207268394200000418e-06 1.133455777600000043e-06
6.029109999999999747e-01 6.708327104990000241e-03 3.641066869499999899e-06 1.045800313730000077e-06
5.933789999999999898e-01 1.027182157050000010e-02 3.545139438630000096e-06 1.033665301960000003e-06
5.845730000000000093e-01 7.971457618229999681e-03 3.456523580849999945e-06 1.017701675109999989e-06
5.673620000000000330e-01 1.436100165370000036e-02 3.283317459409999829e-06 9.978116040450000624e-07
5.940239999999999965e-01 4.493456201259999824e-03 3.551637015099999998e-06 1.030513218330000021e-06
5.786040000000000072e-01 3.249325744049999954e-03 3.396447991779999945e-06 1.005624977579999911e-06
5.919579999999999842e-01 2.997723281989999808e-03 3.530840811389999864e-06 1.026688799209999983e-06
5.529319999999999791e-01 1.440519249060000055e-02 3.138090746830000138e-06 9.753560892620000697e-07
4.577809999999999935e-01 1.759246699229999877e-01 2.180510114990000011e-06 1.946957527649999889e-06
5.760410000000000252e-01 2.696121572859999996e-02 3.370657435999999945e-06 1.037048580319999964e-06
5.133199999999999985e-01 2.125383831730000006e-01 2.739445955160000210e-06 2.318368807799999895e-06
5.051130000000000342e-01 5.089714556660000083e-02 2.656846594039999811e-06 1.026077330040000009e-06
5.336549999999999905e-01 3.490901345099999692e-02 2.944092620630000047e-06 9.979116766229999442e-07
5.308589999999999698e-01 3.328485165850000177e-02 2.915957850589999849e-06 9.881627600319999869e-07
5.233280000000000154e-01 6.442528197569999393e-02 2.840164988759999866e-06 1.123313460619999976e-06
5.216370000000000173e-01 2.068559041690000086e-02 2.823141242440000177e-06 9.386871228330000324e-07
4.685409999999999853e-01 1.207559259429999976e-01 2.288797457519999873e-06 1.471598232550000053e-06
5.213109999999999689e-01 1.680577707899999843e-02 2.819867860350000132e-06 9.303309525150000080e-07
2.845380000000000131e-01 3.961635437920000058e+00 4.370238553470000035e-07 3.980970668099999765e-05
5.172379999999999756e-01 2.084059501889999957e-02 2.778872303799999951e-06 9.323209154929999730e-07
4.417200000000000015e-01 2.581444987829999982e-01 2.018875102310000033e-06 2.711835911049999884e-06
5.220669999999999478e-01 3.931543223680000060e-02 2.827476359229999871e-06 9.976080282130000840e-07
5.064920000000000533e-01 4.305895765309999956e-02 2.670725326200000016e-06 9.911199827720000006e-07
5.270810000000000217e-01 2.427810252500000113e-02 2.877932151969999960e-06 9.555812595440000269e-07
5.408990000000000187e-01 1.787908026360000152e-02 3.016994204899999845e-06 9.625300251899999341e-07
5.388969999999999594e-01 3.134892203769999719e-02 2.996846439170000199e-06 9.937137512710000622e-07
5.456999999999999629e-01 1.693177433529999970e-02 3.065312731679999980e-06 9.682327884489999202e-07
4.920329999999999981e-01 9.289784305310000434e-02 2.525219683320000065e-06 1.275431232159999973e-06
5.415849999999999831e-01 2.687233580429999880e-02 3.023899079600000142e-06 9.844477647819999738e-07
5.459429999999999561e-01 2.146832045129999991e-02 3.067757720759999918e-06 9.776456894420000048e-07
0.000000000000000000e+00 0.000000000000000000e+00 0.000000000000000000e+00 0.000000000000000000e+00
5.235100000000000309e-01 3.470183402689999697e-02 2.841993331909999801e-06 9.822889229709999749e-07
5.390270000000000339e-01 1.617390484200000034e-02 2.998152912729999905e-06 9.565795257260000165e-07
5.551350000000000451e-01 1.703631738900000109e-02 3.160264206399999889e-06 9.830473519610000433e-07
5.113910000000000400e-01 5.125925651749999729e-02 2.720034805369999818e-06 1.036394025070000041e-06
5.142619999999999969e-01 9.696341522699999937e-02 2.748927186110000141e-06 1.328961786660000003e-06
4.783209999999999962e-01 6.102868627280000347e-02 2.387221164640000200e-06 1.046373664060000024e-06
5.083520000000000261e-01 8.979961384500000088e-02 2.689444848799999839e-06 1.270610071790000061e-06
2.786980000000000013e-01 3.482626922930000202e+00 3.782538400570000188e-07 3.499712831470000148e-05
5.273710000000000342e-01 3.762892454100000283e-02 2.880849223090000168e-06 9.987086226840000738e-07
5.328209999999999891e-01 1.470497985209999990e-02 2.935697118389999841e-06 9.445533712809999742e-07
5.280129999999999546e-01 2.205896122259999939e-02 2.887312608100000149e-06 9.515552179169999791e-07
4.958659999999999735e-01 5.336091808699999772e-02 2.563793345019999951e-06 1.026317450619999962e-06
4.544940000000000091e-01 8.674471092150000395e-02 2.147425681719999878e-06 1.190571606100000076e-06
5.323430000000000106e-01 3.877654736049999940e-02 2.930892918809999931e-06 1.010324653019999984e-06
5.378479999999999928e-01 2.270129666999999921e-02 2.986289077110000121e-06 9.680772541320000944e-07
5.214410000000000434e-01 2.663687087839999856e-02 2.821175533599999874e-06 9.534182660279999777e-07
4.279109999999999858e-01 1.609023887999999902e-01 1.879906626000000099e-06 1.790833393910000082e-06
4.841409999999999880e-01 1.441837485680000086e-01 2.445787830749999872e-06 1.683180510990000103e-06
5.139059999999999739e-01 4.358990359260000308e-02 2.745343081660000129e-06 1.003872169979999950e-06
5.011250000000000426e-01 3.688595867569999937e-02 2.616717820919999887e-06 9.579313693819999397e-07
4.786670000000000091e-01 5.258775041509999859e-02 2.390708093380000013e-06 9.994933882070001019e-07
5.013090000000000046e-01 8.216979029139999391e-02 2.618568958379999792e-06 1.209312796600000075e-06
5.412289999999999601e-01 1.338844842540000066e-02 3.020319773950000131e-06 9.556522675390000745e-07
0.000000000000000000e+00 0.000000000000000000e+00 0.000000000000000000e+00 0.000000000000000000e+00
5.541629999999999612e-01 1.355070687149999981e-02 3.150483050390000099e-06 9.760404520060000063e-07
5.340819999999999457e-01 3.114446050930000029e-02 2.948391746419999944e-06 9.858888952379999636e-07
5.539539999999999464e-01 2.784715931649999962e-02 3.148373977379999886e-06 1.005866908310000083e-06
5.040759999999999685e-01 2.939052916550000116e-02 2.646413400960000133e-06 9.357521465790000126e-07
5.116969999999999574e-01 2.346247224230000109e-02 2.723112036469999799e-06 9.302037731739999761e-07
5.606379999999999697e-01 2.742021332449999863e-02 3.215645368459999881e-06 1.014822690839999974e-06
4.719740000000000046e-01 1.067913335309999961e-01 2.323344025460000076e-06 1.361495199609999946e-06
5.109930000000000305e-01 2.544718410150000054e-02 2.716021808090000041e-06 9.343975586499999928e-07
5.618140000000000356e-01 1.126916567349999995e-02 3.227475012610000098e-06 9.850915335029999188e-07
5.503460000000000019e-01 1.328687258099999977e-02 3.112066849350000100e-06 9.697169939320000149e-07
5.418509999999999716e-01 5.042522737329999810e-02 3.026575610820000100e-06 1.074119516339999955e-06
4.863799999999999790e-01 1.680376536869999937e-01 2.468322700020000053e-06 1.894987953060000098e-06
5.598769999999999580e-01 2.144658450060000013e-02 3.207981083509999935e-06 9.990237532129999509e-07
5.400359999999999605e-01 2.748235244879999872e-02 3.008310174759999801e-06 9.838087417580001019e-07
5.564200000000000257e-01 1.818007145709999925e-02 3.173196375070000118e-06 9.871042226269999469e-07
5.804169999999999607e-01 1.353614394010000006e-02 3.414697231889999870e-06 1.017099305729999982e-06
5.622709999999999653e-01 9.639063669450000441e-03 3.232078262410000014e-06 9.840618287970000336e-07
5.596309999999999896e-01 9.986637190379999557e-03 3.205513899979999938e-06 9.802685657499999878e-07
5.424839999999999662e-01 9.475566966290000642e-03 3.032948418460000184e-06 9.528782968260000135e-07
5.557010000000000005e-01 1.135972768899999943e-02 3.165959183410000061e-06 9.756209101120000591e-07
5.616539999999999866e-01 8.802976414909999270e-03 3.225864415050000021e-06 9.823001053120000980e-07
5.549380000000000424e-01 1.228188349560000066e-02 3.158281101909999952e-06 9.755552638000000175e-07
5.608410000000000339e-01 1.446939317820000043e-02 3.217684258999999883e-06 9.877849471319999405e-07
5.679410000000000291e-01 6.192991197739999842e-03 3.289136605389999906e-06 9.901933913770000912e-07
5.525409999999999489e-01 1.110612519829999936e-02 3.134154530360000025e-06 9.703782706700001056e-07
5.759440000000000115e-01 6.601356461739999598e-03 3.369683279410000070e-06 1.003082894199999906e-06
5.745329999999999604e-01 5.617167626769999783e-03 3.355478828629999983e-06 1.000248879280000012e-06
