6.987360119819641113e-02 4.154674336314201355e-02
4.982054233551025391e-03 4.170246049761772156e-02
6.187674403190612793e-02 4.163052514195442200e-02
2.912236750125885010e-02 4.196461662650108337e-02
3.017163276672363281e-02 4.186303913593292236e-02
5.055069923400878906e-02 4.171946644783020020e-02
5.184789001941680908e-02 4.220920056104660034e-02
3.196904808282852173e-02 4.188173264265060425e-02
3.889272361993789673e-02 4.204785078763961792e-02
5.992480367422103882e-02 4.283245280385017395e-02
4.479575157165527344e-02 4.195986315608024597e-02
7.107507437467575073e-02 4.197030141949653625e-02
8.616744726896286011e-02 4.220374673604965210e-02
6.828614324331283569e-02 4.174769669771194458e-02
1.028329581022262573e-01 4.173107817769050598e-02
9.033293277025222778e-02 4.177451878786087036e-02
1.787614077329635620e-02 4.221427440643310547e-02
8.777733892202377319e-02 4.184473678469657898e-02
1.094411090016365051e-01 4.183853045105934143e-02
8.935841172933578491e-02 4.165694490075111389e-02
4.450222849845886230e-02 4.203411564230918884e-02
3.382254391908645630e-02 4.174312949180603027e-02
6.452851742506027222e-02 4.182860627770423889e-02
3.298202902078628540e-02 4.197348281741142273e-02
7.167729735374450684e-02 4.209590330719947815e-02
4.588387906551361084e-02 4.197861626744270325e-02
