1.514642685651779175e-01 3.896719217300415039e-02
1.247920319437980652e-01 3.904451429843902588e-02
1.475410759449005127e-01 3.903967514634132385e-02
1.470359563827514648e-01 3.902287408709526062e-02
1.424503624439239502e-01 3.924584016203880310e-02
8.825396001338958740e-02 3.910980373620986938e-02
4.705372452735900879e-02 3.918968513607978821e-02
1.261765956878662109e-01 3.921926394104957581e-02
1.265623271465301514e-01 3.924404457211494446e-02
1.784120500087738037e-01 3.894276544451713562e-02
1.336240023374557495e-01 3.925680741667747498e-02
1.490296423435211182e-01 3.900181129574775696e-02
1.526825129985809326e-01 3.859772533178329468e-02
1.631114780902862549e-01 3.867356106638908386e-02
1.311535239219665527e-01 3.894322365522384644e-02
1.681699901819229126e-01 3.910641744732856750e-02
1.145318597555160522e-01 3.907240554690361023e-02
1.768417954444885254e-01 3.894493356347084045e-02
1.349940896034240723e-01 3.896047919988632202e-02
1.293007731437683105e-01 3.911757469177246094e-02
1.408862024545669556e-01 3.899831697344779968e-02
1.814722120761871338e-01 3.898945450782775879e-02
1.434083282947540283e-01 3.903892636299133301e-02
1.603764742612838745e-01 3.891935944557189941e-02
1.390358060598373413e-01 3.896541893482208252e-02
1.294106394052505493e-01 4.059978574514389038e-02
1.519500315189361572e-01 3.901128098368644714e-02
1.317504644393920898e-01 3.927845880389213562e-02
1.464330554008483887e-01 3.919920697808265686e-02
1.588871181011199951e-01 3.881227225065231323e-02
1.611543595790863037e-01 3.880074992775917053e-02
1.415861546993255615e-01 3.885126113891601562e-02
1.561041176319122314e-01 3.894108906388282776e-02
1.467857509851455688e-01 3.894072771072387695e-02
1.587509810924530029e-01 3.912591934204101562e-02
1.433940231800079346e-01 3.889257460832595825e-02
1.475740373134613037e-01 3.894645348191261292e-02
1.460850834846496582e-01 3.980512917041778564e-02
1.619945168495178223e-01 3.868705779314041138e-02
1.617191582918167114e-01 3.893541172146797180e-02
1.249160990118980408e-01 3.902377188205718994e-02
1.447746604681015015e-01 3.928184136748313904e-02
1.489800065755844116e-01 3.911481797695159912e-02
1.457766890525817871e-01 3.892643749713897705e-02
1.214323937892913818e-01 3.915534913539886475e-02
1.175133585929870605e-01 3.959434479475021362e-02
1.411665081977844238e-01 3.888317570090293884e-02
1.474080383777618408e-01 3.883070871233940125e-02
1.413925886154174805e-01 3.893863409757614136e-02
1.712212264537811279e-01 3.871487826108932495e-02
1.560433208942413330e-01 3.908366337418556213e-02
1.451918482780456543e-01 3.896533325314521790e-02
1.515682637691497803e-01 3.906902670860290527e-02
1.754619330167770386e-01 3.866618871688842773e-02
1.651125550270080566e-01 3.913750499486923218e-02
1.474058181047439575e-01 3.917128592729568481e-02
1.450299620628356934e-01 3.892431035637855530e-02
1.507739275693893433e-01 3.885773569345474243e-02
1.419424116611480713e-01 3.914827108383178711e-02
1.637514978647232056e-01 3.880591318011283875e-02
1.453248560428619385e-01 3.909622505307197571e-02
-8.371272087097167969e-01 3.002490401268005371e-01
1.450257599353790283e-01 3.886478394269943237e-02
1.394781172275543213e-01 3.878631815314292908e-02
1.356156170368194580e-01 3.906009718775749207e-02
1.569710522890090942e-01 3.898927569389343262e-02
1.460371017456054688e-01 3.898317366838455200e-02
1.519398689270019531e-01 3.891616314649581909e-02
1.596892327070236206e-01 3.908928111195564270e-02
1.654178202152252197e-01 3.874623775482177734e-02
1.247346475720405579e-01 3.904180973768234253e-02
1.586976051330566406e-01 3.889282792806625366e-02
1.122228801250457764e-01 3.936560824513435364e-02
1.694813519716262817e-01 3.911206871271133423e-02
1.282802820205688477e-01 3.906423598527908325e-02
1.710107028484344482e-01 3.880832716822624207e-02
1.527003049850463867e-01 3.889715671539306641e-02
1.634793430566787720e-01 3.895396366715431213e-02
1.552752852439880371e-01 3.896473348140716553e-02
1.309957057237625122e-01 3.910665586590766907e-02
1.485366225242614746e-01 3.903016820549964905e-02
1.540174484252929688e-01 3.902690112590789795e-02
1.427421569824218750e-01 3.901927173137664795e-02
2.275141477584838867e-01 3.903534635901451111e-02
1.932854950428009033e-01 3.890089690685272217e-02
2.305537760257720947e-01 3.881732001900672913e-02
2.046995460987091064e-01 3.848105669021606445e-02
2.114788144826889038e-01 3.865737840533256531e-02
2.144837081432342529e-01 3.829962387681007385e-02
