5.166209340095520020e-01 8.877845942770702312e-03 2.300496291413460107e-06 9.107868492579523132e-07
5.006502270698547363e-01 1.290449059318151022e-02 2.161947993138744346e-06 8.896379886921172632e-07
4.926416873931884766e-01 1.723339221552357484e-02 2.092472700150324151e-06 8.828236777671547335e-07
5.147891044616699219e-01 8.711098026659312363e-03 2.284604893020971660e-06 9.078101992856308998e-07
4.734902977943420410e-01 2.208095777759856715e-02 1.926331498728556966e-06 8.618678383458062498e-07
5.280450582504272461e-01 7.684836666529190792e-03 2.399602297104288432e-06 9.278223982912105321e-07
5.072702765464782715e-01 7.725405740492592710e-02 2.219377923632353236e-06 1.115810123312240438e-06
5.323528051376342773e-01 1.438573737612137103e-02 2.436972652898448722e-06 9.404812809232716292e-07
5.418981313705444336e-01 1.599677211371076241e-02 2.519779801701579491e-06 9.572681898874313797e-07
4.411087930202484131e-01 5.902010123113342610e-01 1.645417047103768373e-06 5.172697055908065537e-06
5.648347139358520508e-01 1.370120617500060478e-02 2.718758124618644329e-06 9.904659839155251309e-07
4.618583619594573975e-01 6.435517330446968720e-02 1.825422696028148264e-06 9.934948352666039382e-07
5.250173211097717285e-01 1.286840404486415124e-01 2.373336219463211817e-06 1.445664474761336790e-06
5.115006566047668457e-01 1.003461662107042046e-01 2.256077110483896014e-06 1.250817465550694330e-06
4.482760131359100342e-01 5.472486403994505921e-02 1.707593765650709033e-06 9.311406731402812736e-07
4.792344570159912109e-01 5.731918821615916010e-02 1.976162948781674702e-06 9.837460646765836806e-07
4.619426727294921875e-01 4.949301118019815149e-02 1.826154104710221815e-06 9.275297394818773622e-07
4.961601197719573975e-01 9.651442398790792410e-02 2.122995633199795146e-06 1.210564505137719502e-06
5.576980113983154297e-01 2.053001328005963494e-02 2.656846150677727613e-06 9.881998248901485304e-07
4.847078919410705566e-01 4.708885348810031013e-02 2.023645824614941457e-06 9.498044653667358239e-07
4.784631729125976562e-01 2.086528705258021768e-02 1.969471942527850203e-06 8.671284362295977574e-07
4.866064786911010742e-01 1.545663583131567584e-02 2.040116351833108445e-06 8.710772921817675653e-07
4.895839393138885498e-01 3.856072463029991404e-02 2.065946273077346417e-06 9.275723502314345889e-07
4.875383973121643066e-01 1.483430983346884641e-02 2.048200886823722781e-06 8.716976590679551590e-07
4.816747009754180908e-01 5.120806321376497605e-02 1.997332434217124237e-06 9.614817452824365532e-07
4.582504630088806152e-01 2.393332638570391802e-02 1.794123626936406198e-06 8.427218427830019447e-07
