8.961200714111328125e-03 5.132744461297988892e-02
4.449124634265899658e-02 5.101870745420455933e-02
5.253587663173675537e-02 5.102039501070976257e-02
1.231956481933593750e-02 5.150795727968215942e-02
-2.019704878330230713e-02 5.144422501325607300e-02
-3.282368183135986328e-03 5.131578072905540466e-02
3.213506937026977539e-02 5.125952884554862976e-02
2.303531765937805176e-02 5.125146359205245972e-02
3.565035760402679443e-02 5.115051195025444031e-02
-7.302612066268920898e-03 5.144060030579566956e-02
3.776696324348449707e-02 5.127782747149467468e-02
-5.782459676265716553e-02 5.165556818246841431e-02
-7.666780054569244385e-02 5.182482302188873291e-02
1.690097153186798096e-02 5.176089704036712646e-02
4.281476140022277832e-03 5.158607661724090576e-02
2.513316273689270020e-02 5.148877948522567749e-02
-4.580363631248474121e-03 5.161418765783309937e-02
3.994992375373840332e-02 5.111607909202575684e-02
9.367734193801879883e-03 5.178176984190940857e-02
-3.855942189693450928e-02 5.184516310691833496e-02
-6.933741271495819092e-02 5.178207159042358398e-02
5.170807242393493652e-01 2.246112748980522156e-02
2.829140424728393555e-02 5.143602937459945679e-02
5.442746281623840332e-01 2.223176322877407074e-02
8.753047883510589600e-02 5.076494440436363220e-02
2.458226680755615234e-02 5.108101665973663330e-02
8.068786561489105225e-02 5.069629102945327759e-02
1.073631197214126587e-01 5.058199912309646606e-02
2.083486318588256836e-02 5.121325328946113586e-02
5.089350342750549316e-01 2.216168306767940521e-02
4.686674475669860840e-02 5.208946019411087036e-02
7.325801253318786621e-02 5.078174918889999390e-02
5.982957780361175537e-02 5.088091641664505005e-02
9.764554351568222046e-02 5.064075812697410583e-02
8.478066325187683105e-02 5.056578665971755981e-02
5.684049427509307861e-02 5.124197527766227722e-02
9.157444536685943604e-02 5.064962431788444519e-02
1.943257451057434082e-02 5.147808417677879333e-02
2.113737165927886963e-02 5.109919980168342590e-02
6.153695285320281982e-02 5.090830847620964050e-02
5.206035077571868896e-02 5.079053714871406555e-02
5.201494693756103516e-02 5.080954357981681824e-02
6.709568202495574951e-02 5.068881437182426453e-02
-1.867488026618957520e-03 5.167246982455253601e-02
8.831158280372619629e-03 5.112039297819137573e-02
2.862828969955444336e-02 5.028226226568222046e-02
6.147405505180358887e-02 5.093402415513992310e-02
5.026497244834899902e-01 2.283120155334472656e-02
4.610912501811981201e-02 5.086318030953407288e-02
4.673958718776702881e-01 2.208853140473365784e-02
7.025226950645446777e-02 5.076357349753379822e-02
4.493951797485351562e-02 5.099119246006011963e-02
1.227216422557830811e-02 5.092724412679672241e-02
5.658677220344543457e-02 5.109008029103279114e-02
3.079684078693389893e-02 5.093642696738243103e-02
6.262567639350891113e-02 5.083616822957992554e-02
6.264489889144897461e-02 5.070094019174575806e-02
5.785489082336425781e-02 5.076680704951286316e-02
1.467326283454895020e-02 5.084549635648727417e-02
9.114325046539306641e-02 5.048707127571105957e-02
5.537235736846923828e-02 5.083030462265014648e-02
3.596925735473632812e-02 5.066559836268424988e-02
5.618566274642944336e-02 5.106074362993240356e-02
2.868962287902832031e-02 5.075719207525253296e-02
5.185985565185546875e-02 5.082377418875694275e-02
5.351528525352478027e-02 5.091743543744087219e-02
4.593667387962341309e-02 5.091852694749832153e-02
5.820149183273315430e-02 5.084104835987091064e-02
5.670638680458068848e-01 2.208465337753295898e-02
7.271006703376770020e-02 5.052625760436058044e-02
6.665624678134918213e-02 5.071235820651054382e-02
5.907912552356719971e-02 5.059400200843811035e-02
7.980512082576751709e-02 5.063298344612121582e-02
5.490109920501708984e-01 2.193418890237808228e-02
3.483743965625762939e-02 5.091983079910278320e-02
6.053298711776733398e-02 5.095662176609039307e-02
4.240043461322784424e-02 5.072864890098571777e-02
6.665571033954620361e-02 5.110533162951469421e-02
6.271941959857940674e-02 5.074846372008323669e-02
3.580114245414733887e-02 5.071347951889038086e-02
5.922207236289978027e-02 5.087453126907348633e-02
6.146727502346038818e-02 5.082340538501739502e-02
4.906727373600006104e-02 5.104301124811172485e-02
4.488103091716766357e-02 5.096849054098129272e-02
6.998616456985473633e-02 5.081350356340408325e-02
4.296290874481201172e-02 5.106981471180915833e-02
3.433737158775329590e-02 5.119574815034866333e-02
6.609654426574707031e-02 5.094046890735626221e-02
4.249046742916107178e-02 5.091856420040130615e-02
5.351251363754272461e-02 5.109762772917747498e-02
2.081289887428283691e-02 5.116627737879753113e-02
5.229294300079345703e-02 5.070751160383224487e-02
8.651244640350341797e-02 5.051086097955703735e-02
5.388824641704559326e-02 5.153128132224082947e-02
-4.914677143096923828e-01 5.395992845296859741e-02
4.990187287330627441e-02 5.088836699724197388e-02
5.120922327041625977e-01 2.282776124775409698e-02
8.428969979286193848e-02 5.054404586553573608e-02
8.425156772136688232e-02 5.044844001531600952e-02
4.350005090236663818e-02 5.114250630140304565e-02
9.095984697341918945e-02 5.032709985971450806e-02
8.967639505863189697e-02 5.062004923820495605e-02
7.734473049640655518e-02 5.022293329238891602e-02
9.232683479785919189e-02 5.049433559179306030e-02
4.235740005970001221e-02 5.146632343530654907e-02
8.715930581092834473e-02 5.087304860353469849e-02
7.514690607786178589e-02 5.050387233495712280e-02
9.514224529266357422e-02 5.051138997077941895e-02
9.164974093437194824e-02 5.049087107181549072e-02
8.708623796701431274e-02 5.046879872679710388e-02
8.925329148769378662e-02 5.048544332385063171e-02
1.044663339853286743e-01 5.040488764643669128e-02
5.633413791656494141e-02 5.050393566489219666e-02
7.058309018611907959e-02 5.096783116459846497e-02
8.597816526889801025e-02 5.074396356940269470e-02
9.403724223375320435e-02 5.027880892157554626e-02
8.404716849327087402e-02 5.083085969090461731e-02
2.457892894744873047e-02 5.118869245052337646e-02
7.075282931327819824e-02 5.048753693699836731e-02
7.928238809108734131e-02 5.062481388449668884e-02
5.338704586029052734e-02 5.099189653992652893e-02
5.609001219272613525e-02 5.101559311151504517e-02
1.085222959518432617e-01 5.018329620361328125e-02
9.239444136619567871e-02 5.093018710613250732e-02
8.172494173049926758e-02 5.053308233618736267e-02
8.004599809646606445e-02 5.031423643231391907e-02
1.401403546333312988e-02 5.079992488026618958e-02
5.959884822368621826e-02 5.090463161468505859e-02
5.141614377498626709e-02 5.089019984006881714e-02
4.558055102825164795e-02 5.080985277891159058e-02
8.371818065643310547e-02 5.051169544458389282e-02
9.564647078514099121e-02 5.029572919011116028e-02
8.026485145092010498e-02 5.091417208313941956e-02
7.337860763072967529e-02 5.087061971426010132e-02
5.510814487934112549e-02 5.105837807059288025e-02
7.428714632987976074e-02 5.076522007584571838e-02
5.615350604057312012e-02 5.083766952157020569e-02
8.195491135120391846e-02 5.068956315517425537e-02
1.069766283035278320e-01 5.023979023098945618e-02
7.332791388034820557e-02 5.080196633934974670e-02
-1.807579398155212402e-02 5.120166018605232239e-02
7.952391356229782104e-02 5.035744607448577881e-02
9.903959929943084717e-02 5.077571421861648560e-02
5.208522081375122070e-02 5.096588283777236938e-02
7.782137393951416016e-02 5.064615234732627869e-02
8.984306454658508301e-02 5.069107189774513245e-02
7.054670155048370361e-02 5.097663402557373047e-02
6.843420863151550293e-02 5.087988823652267456e-02
5.910350382328033447e-02 5.078021064400672913e-02
4.152128100395202637e-02 5.105756968259811401e-02
3.255523741245269775e-02 5.082492157816886902e-02
7.407200336456298828e-02 5.076760798692703247e-02
6.138230860233306885e-02 5.085940659046173096e-02
7.447701692581176758e-02 5.061146989464759827e-02
7.516905665397644043e-02 5.078015103936195374e-02
7.907700538635253906e-02 5.062315985560417175e-02
1.085545718669891357e-01 5.086035653948783875e-02
1.061764359474182129e-01 5.087378248572349548e-02
9.251412749290466309e-02 5.080555379390716553e-02
7.215321063995361328e-02 5.098686739802360535e-02
2.367532253265380859e-02 5.134657397866249084e-02
1.085333079099655151e-01 5.093151703476905823e-02
8.419358730316162109e-02 5.096903443336486816e-02
1.049123629927635193e-01 5.067706480622291565e-02
9.429061412811279297e-02 5.081527680158615112e-02
8.857616037130355835e-02 5.087913945317268372e-02
7.779395580291748047e-02 5.056700855493545532e-02
9.422597289085388184e-02 5.061212554574012756e-02
7.766972482204437256e-02 5.065539851784706116e-02
8.700959384441375732e-02 5.078048259019851685e-02
1.014291197061538696e-01 5.065301433205604553e-02
8.327519893646240234e-02 5.110932141542434692e-02
1.042204797267913818e-01 5.051512271165847778e-02
8.890905976295471191e-02 5.079250037670135498e-02
6.739833950996398926e-02 5.092781782150268555e-02
5.526874959468841553e-02 5.049084499478340149e-02
-3.838735818862915039e-02 5.120461434125900269e-02
9.337516129016876221e-02 5.039174854755401611e-02
5.681668221950531006e-02 5.093021690845489502e-02
8.908718824386596680e-02 5.061127617955207825e-02
1.144332662224769592e-01 5.058076605200767517e-02
9.995093941688537598e-02 5.061583220958709717e-02
9.758169203996658325e-02 5.051150172948837280e-02
7.878562808036804199e-02 5.070967227220535278e-02
9.365364164113998413e-02 5.039712786674499512e-02
1.061236485838890076e-01 5.036277323961257935e-02
1.041754931211471558e-01 5.069153755903244019e-02
1.293662786483764648e-01 5.050703138113021851e-02
8.529649674892425537e-02 5.056004226207733154e-02
1.162877902388572693e-01 5.055259540677070618e-02
1.208534464240074158e-01 5.049987882375717163e-02
1.028334274888038635e-01 5.033652856945991516e-02
1.175221502780914307e-01 5.048855394124984741e-02
7.777911424636840820e-02 5.084612593054771423e-02
9.680894017219543457e-02 5.066612362861633301e-02
7.218265533447265625e-02 5.065972730517387390e-02
1.062812581658363342e-01 5.053113028407096863e-02
9.087830781936645508e-02 5.077040195465087891e-02
7.936117053031921387e-02 5.061695352196693420e-02
8.418244123458862305e-02 5.050179734826087952e-02
