6.596389999999999754e-01 6.403691773069999926e-03 2.657881921879999848e-06 4.371649961139999767e-08
6.159139999999999615e-01 9.302298457699999940e-03 2.358906611870000172e-06 6.350460661160000591e-08
6.560030000000000028e-01 1.299616138259999942e-02 2.633017000440000025e-06 8.872174117130000467e-08
6.595879999999999521e-01 8.046440746980000613e-03 2.657533870040000083e-06 5.493116100109999706e-08
6.488040000000000473e-01 3.974036387080000232e-03 2.583797008680000050e-06 2.712981297789999921e-08
6.356060000000000043e-01 4.630243718039999887e-03 2.493551730549999841e-06 3.160958629390000154e-08
6.345800000000000329e-01 6.033096641869999804e-03 2.486536081350000103e-06 4.118653369740000134e-08
6.583309999999999995e-01 4.942473657210000142e-03 2.648938945789999982e-06 3.374110675079999710e-08
6.489850000000000341e-01 1.259325598440000013e-02 2.585031084769999875e-06 8.597120065399999526e-08
6.730140000000000011e-01 6.576917402410000120e-03 2.749333562370000158e-06 4.489907029489999955e-08
6.562590000000000368e-01 1.050002817880000064e-02 2.634766633420000165e-06 7.168122608999999459e-08
7.069990000000000441e-01 4.983545545490000207e-03 2.981709926680000147e-06 3.402149488499999740e-08
6.821120000000000516e-01 4.884058325080000394e-03 2.811540289449999837e-06 3.334231899919999805e-08
6.427260000000000195e-01 2.147709262769999933e-02 2.542237417900000121e-06 1.466190667489999996e-07
6.257719999999999949e-01 6.947366981849999699e-03 2.426309663289999909e-06 4.742804256119999811e-08
6.474259999999999460e-01 1.789982895709999952e-02 2.574372302759999864e-06 1.221979279099999935e-07
6.622930000000000206e-01 6.941096864500000130e-03 2.676028301610000034e-06 4.738523794279999765e-08
6.353600000000000358e-01 3.514916381609999984e-03 2.491866083689999938e-06 2.399550854039999984e-08
6.311780000000000168e-01 9.402348155349999834e-03 2.463272850470000129e-06 6.418762239739999681e-08
6.964289999999999647e-01 6.074303683109999637e-03 2.909433334360000065e-06 4.146784448909999908e-08
7.145390000000000352e-01 3.657384008310000240e-02 3.033262354849999952e-06 2.496810156449999977e-07
5.913990000000000080e-01 8.061408054750000482e-03 2.191281339570000080e-06 5.503333929570000199e-08
5.888149999999999773e-01 1.960600057280000030e-02 2.173610983910000065e-06 1.338455607789999871e-07
4.859999999999999876e-01 6.233443568239999816e-02 1.470596595169999919e-06 4.255425510549999934e-07
6.112319999999999975e-01 1.019076509539999960e-02 2.326886657479999909e-06 6.956995966090000193e-08
6.074549999999999672e-01 1.319739895990000057e-02 2.301067650130000125e-06 9.009554284430000321e-08
5.961020000000000207e-01 8.140921597920000585e-03 2.223437009730000164e-06 5.557615957849999968e-08
6.171060000000000434e-01 9.050491483319999392e-03 2.367057708890000036e-06 6.178557954290000008e-08
6.053629999999999844e-01 1.890599707470000043e-02 2.286763289980000169e-06 1.290668013170000089e-07
5.647689999999999655e-01 2.154545509300000161e-02 2.009193575839999879e-06 1.470857612419999907e-07
5.773310000000000386e-01 5.418785929230000020e-01 2.095089428609999927e-06 3.699277875390000005e-06
6.302600000000000424e-01 6.656672390249999613e-03 2.456995283109999808e-06 4.544353886380000228e-08
6.327199999999999491e-01 1.300660134669999989e-02 2.473816702019999884e-06 8.879301235429999539e-08
6.247049999999999548e-01 7.751417118050000360e-03 2.419010763470000181e-06 5.291710398269999729e-08
6.129940000000000389e-01 5.381410241370000042e-03 2.338940499739999973e-06 3.673762371179999809e-08
6.165610000000000257e-01 8.966128581809999776e-03 2.363329804670000101e-06 6.120965382979999783e-08
5.828219999999999512e-01 1.240998854610000056e-02 2.132630528570000143e-06 8.472007689910000099e-08
5.606149999999999745e-01 4.022705398080000244e-02 1.980787002750000050e-06 2.746206488440000149e-07
5.788929999999999909e-01 2.117363135210000025e-02 2.105769811029999887e-06 1.445474078980000029e-07
5.243879999999999653e-01 3.433336724189999661e-02 1.733085760949999955e-06 2.343858338089999982e-07
5.404079999999999995e-01 3.711857287099999680e-02 1.842619387500000020e-06 2.533997784389999924e-07
5.255009999999999959e-01 5.342869625959999896e-02 1.740689919350000025e-06 3.647451598300000105e-07
5.792350000000000554e-01 3.657036966039999698e-02 2.108104692769999811e-06 2.496573238849999853e-07
6.220299999999999718e-01 1.830759604479999941e-02 2.400720516890000003e-06 1.249816580399999966e-07
5.460000000000000409e-01 5.254616377630000335e-02 1.880856183589999998e-06 3.587203178589999980e-07
6.042579999999999618e-01 1.949070403999999979e+00 2.279204777720000020e-06 1.330584584300000011e-05
6.386169999999999902e-01 9.222267537170000459e-03 2.514140586489999925e-06 6.295825431509999714e-08
5.402200000000000335e-01 9.248951219529999435e-02 1.841337219939999968e-06 6.314041754699999543e-07
6.040280000000000094e-01 6.409139200909999903e-03 2.277634061330000021e-06 4.375368792169999878e-08
6.070969999999999978e-01 1.141099179350000062e-02 2.298614985039999799e-06 7.790016071739999500e-08
5.443639999999999590e-01 2.322481013380000084e-02 1.869667987830000057e-06 1.585503236519999921e-07
5.545849999999999946e-01 3.614109023400000065e-02 1.939556308730000032e-06 2.467267340709999933e-07
5.817059999999999453e-01 1.503816569300000031e-02 2.125003139540000062e-06 1.026620249639999957e-07
5.145480000000000054e-01 1.103673571480000004e-01 1.665800085319999933e-06 7.534520237500000225e-07
5.326039999999999663e-01 3.993726012780000195e-02 1.789260268679999997e-06 2.726422942780000198e-07
5.918020000000000502e-01 3.000252514680000135e-02 2.194031519700000062e-06 2.048201920700000058e-07
5.610920000000000352e-01 2.314550627280000106e-02 1.984048664220000191e-06 1.580089348199999911e-07
5.554280000000000328e-01 2.735528211720000130e-02 1.945322394759999842e-06 1.867480857020000118e-07
6.011330000000000284e-01 2.044516623299999850e-02 2.257836676899999889e-06 1.395743476349999982e-07
5.472350000000000270e-01 2.566066286259999912e-02 1.889305203199999922e-06 1.751793180890000003e-07
5.533850000000000158e-01 2.049863443940000071e-02 1.931352229590000037e-06 1.399393625209999962e-07
5.813450000000000006e-01 2.354481024519999854e-02 2.122530504259999850e-06 1.607348892500000115e-07
5.476119999999999877e-01 4.763117331589999948e-02 1.891879319629999907e-06 3.251668324370000093e-07
5.705980000000000496e-01 2.713216893110000083e-02 2.049052440239999855e-06 1.852249443860000092e-07
5.717750000000000332e-01 2.725159702619999944e-02 2.057100425870000163e-06 1.860402519390000004e-07
5.461899999999999533e-01 2.129168155470000101e-02 1.882156691120000085e-06 1.453533089030000109e-07
5.273430000000000062e-01 2.929027422249999915e-02 1.753286624679999937e-06 1.999578223070000101e-07
5.378709999999999880e-01 1.960578821920000089e-02 1.825277521049999935e-06 1.338441110899999998e-07
4.786779999999999924e-01 6.372788913719999726e-02 1.420536429080000042e-06 4.350553304920000201e-07
5.992269999999999541e-01 3.549129195760000050e-02 2.244804702999999892e-06 2.422907138650000249e-07
5.309760000000000035e-01 4.515645091949999773e-02 1.778125870160000078e-06 3.082724839090000258e-07
5.331949999999999745e-01 2.365259433840000147e-02 1.793299952360000102e-06 1.614707059379999901e-07
5.503320000000000434e-01 4.556704418339999757e-02 1.910480123019999892e-06 3.110755076800000195e-07
5.270749999999999602e-01 1.040013878930000010e-02 1.751455480730000049e-06 7.099930469040000208e-08
5.448349999999999582e-01 3.971757653039999919e-02 1.872890931590000085e-06 2.711425659579999991e-07
5.238249999999999851e-01 5.146859094200000040e-02 1.729230699619999928e-06 3.513639812240000130e-07
5.700979999999999936e-01 2.424821914170000037e-02 2.045628164380000200e-06 1.655368965669999921e-07
4.788689999999999891e-01 1.253192125840000004e-01 1.421840808380000048e-06 8.555248288590000049e-07
5.795789999999999553e-01 1.694074160079999877e-02 2.110458322029999963e-06 1.156504638029999977e-07
5.573580000000000201e-01 2.592566579740000071e-02 1.958518613269999840e-06 1.769884308809999952e-07
5.428469999999999684e-01 2.149986192759999887e-02 1.859297347100000013e-06 1.467745074110000009e-07
5.433230000000000004e-01 3.595584282230000067e-02 1.862555340580000047e-06 2.454620935040000068e-07
5.621730000000000338e-01 3.572344130709999982e-02 1.991444154539999999e-06 2.438755429460000244e-07
5.474040000000000017e-01 1.779044281419999915e-02 1.890458990980000012e-06 1.214511744060000069e-07
5.415170000000000261e-01 2.815010585999999995e-02 1.850204390830000095e-06 1.921741607030000062e-07
5.344670000000000254e-01 3.763809894640000181e-02 1.802002063529999985e-06 2.569464609279999841e-07
5.447910000000000252e-01 3.790671717349999859e-02 1.872590156110000091e-06 2.587802544700000139e-07
4.802159999999999762e-01 1.097214363609999993e-01 1.431052770670000026e-06 7.490424742460000370e-07
5.639640000000000208e-01 4.008650233660000090e-02 2.003691585359999852e-06 2.736611357829999741e-07
5.224299999999999500e-01 7.672157647709999806e-02 1.719697584100000019e-06 5.237601819540000209e-07
6.163239999999999830e-01 2.515530137869999988e-02 2.361710181689999985e-06 1.717293339400000069e-07
5.320700000000000429e-01 5.244327420650000265e-02 1.785608984770000045e-06 3.580179149329999911e-07
5.322179999999999689e-01 9.914813989359999580e-02 1.786624203900000028e-06 6.768610627630000014e-07
4.275860000000000216e-01 1.967771792740000025e+00 1.071188765979999986e-06 1.343351583130000016e-05
1.089110000000000023e+00 2.731068138349999896e-02 5.594472752139999953e-06 1.864436069689999993e-07
5.567029999999999479e-01 1.726401212739999899e-02 1.954041623230000101e-06 1.178573557570000006e-07
5.239219999999999988e-01 7.967809136789999469e-02 1.729895014020000001e-06 5.439436146769999963e-07
5.254769999999999719e-01 4.031113621940000252e-02 1.740530565410000071e-06 2.751946585370000160e-07
5.254240000000000022e-01 2.022095402649999943e-02 1.740164581150000040e-06 1.380437035650000097e-07
5.677229999999999777e-01 1.993596229109999979e-02 2.029389548909999885e-06 1.360981319270000085e-07
5.478290000000000104e-01 1.726504768200000026e-02 1.893362411740000030e-06 1.178644252450000008e-07
5.295800000000000507e-01 1.631983847839999988e-02 1.768584195999999946e-06 1.114117040259999975e-07
5.213360000000000216e-01 5.563553153240000104e-02 1.712212431720000010e-06 3.798107058870000123e-07
5.455790000000000362e-01 2.545652777099999958e-02 1.877979253899999905e-06 1.737857357669999905e-07
0.000000000000000000e+00 0.000000000000000000e+00 0.000000000000000000e+00 0.000000000000000000e+00
5.316779999999999839e-01 7.526125304490000056e-02 1.782930126740000089e-06 5.137908968890000066e-07
5.230839999999999934e-01 3.959399144129999853e-02 1.724165200380000068e-06 2.702988795830000076e-07
5.493019999999999570e-01 1.453279792139999978e-02 1.903431869430000030e-06 9.921199789089999377e-08
5.596079999999999943e-01 2.440182707670000145e-02 1.973905439100000071e-06 1.665855418589999970e-07
5.428309999999999524e-01 1.222696810190000011e-02 1.859192197950000062e-06 8.347063931480000085e-08
5.256830000000000114e-01 1.100828390260000060e-02 1.741937444749999909e-06 7.515096853579999372e-08
5.193309999999999871e-01 2.527414753569999853e-02 1.698503509210000054e-06 1.725406687390000057e-07
5.560450000000000115e-01 1.187314126119999938e-02 1.949540179909999987e-06 8.105514658189999510e-08
5.781490000000000240e-01 1.940532915030000055e-02 2.100682711379999866e-06 1.324756241120000039e-07
5.419869999999999965e-01 2.346234485520000065e-02 1.853417960819999938e-06 1.601719174019999871e-07
5.245630000000000015e-01 1.448554052159999918e-02 1.734276636220000094e-06 9.888938272259999793e-08
4.131029999999999980e-01 1.206846167249999990e-01 9.721557901499999191e-07 8.238855315210000025e-07
5.951509999999999856e-01 1.837564038440000005e-02 2.216933656980000193e-06 1.254461807639999899e-07
5.178129999999999677e-01 5.404304456509999993e-02 1.688123902270000088e-06 3.689391714110000041e-07
5.347089999999999899e-01 1.486596190650000052e-02 1.803655105999999974e-06 1.014864301619999988e-07
4.844319999999999737e-01 1.055056174220000004e-01 1.459879532810000101e-06 7.202620685790000149e-07
6.129130000000000411e-01 1.703814507799999989e-02 2.338387447810000052e-06 1.163154144630000005e-07
4.950570000000000248e-01 3.001513284889999883e-02 1.532531075599999925e-06 2.049062618910000080e-07
5.349960000000000271e-01 4.126531766580000121e-02 1.805617075050000059e-06 2.817086311500000155e-07
5.515280000000000182e-01 1.282637429840000065e-02 1.918657303540000193e-06 8.756264462789999855e-08
5.392360000000000486e-01 1.990867397310000161e-02 1.834610934690000068e-06 1.359118409899999938e-07
5.669589999999999907e-01 1.890795502799999875e-02 2.024167141050000095e-06 1.290801678040000062e-07
5.449100000000000055e-01 3.038922045959999846e-02 1.873401190259999948e-06 2.074600701429999886e-07
5.318079999999999474e-01 2.791128712789999952e-02 1.783817781199999929e-06 1.905438013139999921e-07
5.437570000000000459e-01 2.406743261499999856e-02 1.865519894560000088e-06 1.643027094129999926e-07
5.301019999999999621e-01 1.923674770020000063e-02 1.772152338710000017e-06 1.313247581489999928e-07
5.075570000000000359e-01 2.192664236000000169e-02 1.618000829769999905e-06 1.496880371789999906e-07
5.061499999999999888e-01 6.472627553399999678e-02 1.608375606869999983e-06 4.418710799179999834e-07
5.435449999999999449e-01 7.147913098970000434e-02 1.864073482390000035e-06 4.879712379769999707e-07
6.000320000000000098e-01 2.121673561880000128e-02 2.250309546370000064e-06 1.448416706019999888e-07
5.503869999999999596e-01 1.565682854560000031e-02 1.910857111259999888e-06 1.068854909449999950e-07
5.735179999999999723e-01 2.094093284569999852e-02 2.069016922149999992e-06 1.429588298519999931e-07
5.424010000000000220e-01 6.050821645610000160e-02 1.856248429260000079e-06 4.130753813469999810e-07
5.191729999999999956e-01 2.365891812099999922e-02 1.697423488850000013e-06 1.615138769160000107e-07
5.348770000000000469e-01 3.524303501090000207e-02 1.804803188019999915e-06 2.405959220020000045e-07
5.246800000000000352e-01 2.765988615850000221e-01 1.735077889060000070e-06 1.888275459450000027e-06
5.440709999999999713e-01 1.854444276939999983e-02 1.867665670850000008e-06 1.265985549980000044e-07
5.153020000000000378e-01 6.348760293779999453e-02 1.670956469290000078e-06 4.334149530480000155e-07
5.558640000000000247e-01 2.662367366029999918e-02 1.948302435819999984e-06 1.817535666090000013e-07
5.202879999999999727e-01 1.850460890780000062e-02 1.705048432550000001e-06 1.263266185809999966e-07
5.277709999999999901e-01 3.175365520609999687e-02 1.756213276059999896e-06 2.167747456740000066e-07
6.067150000000000043e-01 1.992678404040000018e-01 2.296001335780000022e-06 1.360354741649999923e-06
5.710960000000000480e-01 2.835600194579999955e-02 2.052457153460000028e-06 1.935797649189999977e-07
5.831939999999999902e-01 3.231159725430000212e-02 2.135175301059999989e-06 2.205836849850000066e-07
5.801669999999999883e-01 1.927720979309999888e-02 2.114478035520000181e-06 1.316009833530000075e-07
6.176810000000000356e-01 3.837433139379999719e-02 2.370988167870000033e-06 2.619725469170000196e-07
5.926719999999999766e-01 6.229923219820000108e-02 2.199980597860000100e-06 4.253022251379999854e-07
5.411890000000000311e-01 2.174776826860000054e-02 1.847963654259999945e-06 1.484669057719999909e-07
5.670640000000000125e-01 3.758977900720000126e-02 2.024884437590000017e-06 2.566165920519999911e-07
5.461939999999999573e-01 1.482588748720000127e-01 1.882186035070000085e-06 1.012128515150000017e-06
5.558309999999999640e-01 7.392452708209999723e-02 1.948079095770000076e-06 5.046653827160000297e-07
5.979889999999999928e-01 2.067111108179999976e-02 2.236340603859999847e-06 1.411168200469999933e-07
5.904070000000000151e-01 1.715148514469999955e-02 2.184494736200000119e-06 1.170891604769999953e-07
5.660899999999999821e-01 2.738636213639999983e-02 2.018226214000000018e-06 1.869602616930000009e-07
5.809290000000000287e-01 2.318544706269999936e-02 2.119686178959999882e-06 1.582816012110000060e-07
5.999539999999999873e-01 3.922961115180000069e-02 2.249774426849999914e-06 2.678113409339999947e-07
5.804540000000000255e-01 2.330249631780000052e-02 2.116442042349999957e-06 1.590806689830000063e-07
5.848360000000000225e-01 1.555734087890000075e-02 2.146402622080000023e-06 1.062063120129999954e-07
5.349760000000000071e-01 2.968823549420000069e-02 1.805478098849999972e-06 2.026746104330000081e-07
5.883030000000000204e-01 1.605689183120000141e-02 2.170107642420000193e-06 1.096166290279999966e-07
5.673730000000000162e-01 2.814334132280000081e-02 2.027000869930000150e-06 1.921279807959999982e-07
5.531829999999999803e-01 2.284614031060000147e-02 1.929971841310000054e-06 1.559652337119999925e-07
5.680600000000000094e-01 4.125512838869999782e-02 2.031694679150000042e-06 2.816390713490000117e-07
5.788539999999999797e-01 1.885732392739999930e-02 2.105499602159999904e-06 1.287345211729999982e-07
5.816729999999999956e-01 1.811278117669999979e-02 2.124773686159999882e-06 1.236517026940000129e-07
5.814620000000000344e-01 1.375974138509999944e-02 2.123332979759999838e-06 9.393452249590000523e-08
5.312400000000000455e-01 7.115247318770000218e-02 1.779936228810000049e-06 4.857412218899999535e-07
4.810459999999999736e-01 1.002105630659999996e-01 1.436727156859999945e-06 6.841139762159999921e-07
5.803909999999999902e-01 1.042634436909999941e-02 2.116010034200000067e-06 7.117820402860000395e-08
5.847040000000000015e-01 1.437449045099999968e-02 2.145497850310000160e-06 9.813126997439999792e-08
6.700420000000000265e-01 6.194258169330000285e+00 2.729009617079999817e-06 4.228674559120000083e-05
6.726130000000000164e-01 9.352438916689999326e-03 2.746593978670000160e-06 6.384690374799999390e-08
5.591159999999999464e-01 1.246342313500000028e-02 1.970537405809999898e-06 8.508486228650000014e-08
5.637459999999999694e-01 2.157493148109999870e-02 2.002198711940000059e-06 1.472869896200000069e-07
5.260780000000000456e-01 2.044356824800000125e-02 1.744635457859999931e-06 1.395634385670000079e-07
5.749419999999999531e-01 8.971152434399999945e-03 2.078752592419999892e-06 6.124395049130000031e-08
5.741410000000000124e-01 1.622119038690000153e-02 2.073274240119999857e-06 1.107382566770000010e-07
5.131310000000000038e-01 6.074729757300000033e-02 1.656109653639999973e-06 4.147075319750000144e-07
4.963629999999999987e-01 1.469514956559999919e-01 1.541456323049999974e-06 1.003203344319999985e-06
5.634369999999999656e-01 1.349695400049999959e-02 2.000085947590000032e-06 9.214053474550000257e-08
5.688469999999999915e-01 1.425013481250000068e-02 2.037076033389999946e-06 9.728232323929999377e-08
5.319939999999999669e-01 4.454978354979999972e-02 1.785086091899999942e-06 3.041309082730000118e-07
5.654580000000000162e-01 1.547317896670000019e-02 2.013906132579999997e-06 1.056317584070000043e-07
5.628980000000000095e-01 2.127876349239999840e-02 1.996401651739999975e-06 1.452651203259999884e-07
5.771119999999999584e-01 2.350012329830000052e-02 2.093588404099999892e-06 1.604298219600000113e-07
5.910239999999999938e-01 1.586795043529999963e-02 2.188713336459999871e-06 1.083267704979999988e-07
5.738750000000000240e-01 2.215951329699999972e-02 2.071453692600000165e-06 1.512777923680000016e-07
5.788200000000000012e-01 2.807492479419999853e-02 2.105271371440000160e-06 1.916609172250000102e-07
5.735559999999999548e-01 1.870828120900000155e-02 2.069275719479999959e-06 1.277170415419999928e-07
5.983169999999999877e-01 1.420499345589999914e-02 2.238583378199999828e-06 9.697415380090000368e-08
5.984770000000000367e-01 1.341341078280000078e-02 2.239672772319999982e-06 9.157020482150000354e-08
4.967019999999999769e-01 1.100972170619999996e-01 1.543776125259999989e-06 7.516078408320000097e-07
5.334929999999999950e-01 5.687257328260000161e-02 1.795339356829999989e-06 3.882556993550000043e-07
5.718600000000000350e-01 2.179702948359999934e-02 2.057681599089999861e-06 1.488032005160000009e-07
5.531120000000000481e-01 3.251801816040000154e-02 1.929489296360000056e-06 2.219928720260000008e-07
