1.569248586893081665e-01 2.840028703212738037e-02
1.675653755664825439e-01 2.830411307513713837e-02
1.739602386951446533e-01 2.829313091933727264e-02
1.600356996059417725e-01 2.832975052297115326e-02
1.361308097839355469e-01 2.836068160831928253e-02
1.262332201004028320e-01 2.825981006026268005e-02
1.773991286754608154e-01 2.821429260075092316e-02
1.339659392833709717e-01 2.848661504685878754e-02
1.471536010503768921e-01 2.834277600049972534e-02
8.850529789924621582e-02 2.839110977947711945e-02
1.698201000690460205e-01 2.838817797601222992e-02
1.651788502931594849e-01 2.837847359478473663e-02
1.575382500886917114e-01 2.830896712839603424e-02
1.007645949721336365e-01 2.848660945892333984e-02
1.617335826158523560e-01 2.859290689229965210e-02
1.636807471513748169e-01 2.835390716791152954e-02
5.300416052341461182e-02 2.855893597006797791e-02
1.671472638845443726e-01 2.825604379177093506e-02
1.715220510959625244e-01 2.823420055210590363e-02
1.612123250961303711e-01 3.001143224537372589e-02
1.773106455802917480e-01 2.903543598949909210e-02
1.729067564010620117e-01 2.839555591344833374e-02
1.954565048217773438e-01 2.856842614710330963e-02
1.615703999996185303e-01 2.851080335676670074e-02
1.658945083618164062e-01 2.835998125374317169e-02
1.261001825332641602e-01 2.844248339533805847e-02
1.643291711807250977e-01 2.820835448801517487e-02
1.691999882459640503e-01 2.795348316431045532e-02
1.591979265213012695e-01 2.828973717987537384e-02
1.562545299530029297e-01 2.824140526354312897e-02
1.766498088836669922e-01 2.824219502508640289e-02
1.738530695438385010e-01 2.873468585312366486e-02
1.518011987209320068e-01 2.859048917889595032e-02
1.337164342403411865e-01 2.830822020769119263e-02
1.542733907699584961e-01 2.839416638016700745e-02
1.827230900526046753e-01 2.821610122919082642e-02
1.329391747713088989e-01 2.799796871840953827e-02
1.712147295475006104e-01 2.811830863356590271e-02
1.072630584239959717e-01 2.820678427815437317e-02
1.826899647712707520e-01 2.831655740737915039e-02
1.572827398777008057e-01 2.804126404225826263e-02
1.873836070299148560e-01 2.844602242112159729e-02
1.751790344715118408e-01 2.846585400402545929e-02
1.829375624656677246e-01 2.861214801669120789e-02
1.182665303349494934e-01 2.855799533426761627e-02
1.781004667282104492e-01 2.821531705558300018e-02
1.758573055267333984e-01 2.821180596947669983e-02
1.353975236415863037e-01 2.804382704198360443e-02
1.749934554100036621e-01 2.827399969100952148e-02
1.013007640838623047e+00 1.435504108667373657e-02
1.554484367370605469e-01 2.845033444464206696e-02
1.428911685943603516e-01 2.885166555643081665e-02
1.930633485317230225e-01 2.820582687854766846e-02
1.763094216585159302e-01 2.834190055727958679e-02
1.958166509866714478e-01 2.827919460833072662e-02
1.479441821575164795e-01 2.834491990506649017e-02
1.804910004138946533e-01 2.869910188019275665e-02
1.638945639133453369e-01 2.807661145925521851e-02
1.353863179683685303e-01 2.847691811621189117e-02
1.379966437816619873e-01 2.821162715554237366e-02
1.664360910654067993e-01 2.840921282768249512e-02
1.642168760299682617e-01 2.861982025206089020e-02
1.301279664039611816e-01 2.830874361097812653e-02
1.467759907245635986e-01 2.828169055283069611e-02
-4.220694303512573242e-03 2.846468798816204071e-02
1.621670722961425781e-01 2.822338044643402100e-02
1.284879446029663086e-01 2.818660065531730652e-02
1.462955772876739502e-01 2.857458218932151794e-02
1.900252103805541992e-01 2.812955155968666077e-02
1.441945135593414307e-01 2.832567691802978516e-02
1.953136026859283447e-01 2.840880677103996277e-02
1.806273460388183594e-01 2.826910652220249176e-02
1.476109027862548828e-01 2.848247624933719635e-02
1.802748739719390869e-01 2.815436944365501404e-02
1.615391522645950317e-01 2.887274324893951416e-02
-1.925662904977798462e-01 2.950564771890640259e-02
1.907091289758682251e-01 2.800242416560649872e-02
1.748341321945190430e-01 2.824451029300689697e-02
1.846563220024108887e-01 2.824053168296813965e-02
1.324093788862228394e-01 2.830001153051853180e-02
1.667482107877731323e-01 2.843628078699111938e-02
1.649127900600433350e-01 2.832102403044700623e-02
1.488977372646331787e-01 2.822783775627613068e-02
1.437437236309051514e-01 2.820929139852523804e-02
1.657535731792449951e-01 2.847806736826896667e-02
1.476117223501205444e-01 2.820676378905773163e-02
1.732025593519210815e-01 2.857466787099838257e-02
1.175061687827110291e-01 2.837724052369594574e-02
6.960765123367309570e-01 1.636108383536338806e-02
1.582828760147094727e-01 2.836576290428638458e-02
1.381610035896301270e-01 2.828741818666458130e-02
1.433984339237213135e-01 2.819312177598476410e-02
1.334863305091857910e-01 2.834419906139373779e-02
1.859492063522338867e-01 2.847598493099212646e-02
1.788746267557144165e-01 2.832982875406742096e-02
1.933714598417282104e-01 2.820659428834915161e-02
1.175413951277732849e-01 2.897849865257740021e-02
1.489457488059997559e-01 2.824832685291767120e-02
1.535866856575012207e-01 2.838437631726264954e-02
1.573407649993896484e-01 3.053817152976989746e-02
1.394987404346466064e-01 2.854917570948600769e-02
1.573688983917236328e-01 2.852740138769149780e-02
1.433157324790954590e-01 2.933973073959350586e-02
1.365092247724533081e-01 2.833232469856739044e-02
1.614983677864074707e-01 2.832769230008125305e-02
1.548113822937011719e-01 2.811736986041069031e-02
1.671519875526428223e-01 2.810604684054851532e-02
1.353445947170257568e-01 2.884919755160808563e-02
1.770195364952087402e-01 2.847059071063995361e-02
1.810261905193328857e-01 2.853625267744064331e-02
1.047350242733955383e-01 2.830397523939609528e-02
1.180364042520523071e-01 2.854561246931552887e-02
9.367823600769042969e-01 1.409081276506185532e-02
1.888015270233154297e-01 2.842872776091098785e-02
1.095603182911872864e-01 2.840249612927436829e-02
1.498911529779434204e-01 2.827651984989643097e-02
1.441737115383148193e-01 2.836404927074909210e-02
1.420176923274993896e-01 2.834566868841648102e-02
1.631107330322265625e-01 2.822878211736679077e-02
9.688303470611572266e-01 1.401383243501186371e-02
1.818003654479980469e-01 2.821826934814453125e-02
1.299370825290679932e-01 2.853638119995594025e-02
1.789118945598602295e-01 2.848736755549907684e-02
1.089907065033912659e-01 2.839343436062335968e-02
1.375058591365814209e-01 2.816529385745525360e-02
1.572611331939697266e-01 2.826211601495742798e-02
1.849830299615859985e-01 2.821731753647327423e-02
2.080421745777130127e-01 2.831701375544071198e-02
1.297738552093505859e-01 2.855326794087886810e-02
1.741516888141632080e-01 2.831390686333179474e-02
1.649783551692962646e-01 2.866609208285808563e-02
1.694115400314331055e-01 2.835647389292716980e-02
1.149187758564949036e-01 2.869681082665920258e-02
1.878149807453155518e-01 2.821305207908153534e-02
1.934446245431900024e-01 2.848298102617263794e-02
6.244957447052001953e-02 2.830591611564159393e-02
9.985036402940750122e-02 2.870911546051502228e-02
1.493795514106750488e-01 2.808945626020431519e-02
1.902770847082138062e-01 2.818746306002140045e-02
1.459544301033020020e-01 2.853285335004329681e-02
9.448126554489135742e-01 1.387214660644531250e-02
1.308203339576721191e-01 3.067323938012123108e-02
1.332087814807891846e-01 2.876604534685611725e-02
1.451198160648345947e-01 2.839758060872554779e-02
1.574879288673400879e-01 2.846669033169746399e-02
1.355372816324234009e-01 2.824321761727333069e-02
1.952468901872634888e-01 2.841130271553993225e-02
6.888514012098312378e-02 2.866237238049507141e-02
1.503308564424514771e-01 2.852486632764339447e-02
1.947500705718994141e-01 2.857400849461555481e-02
1.648621857166290283e-01 2.833207510411739349e-02
1.691012680530548096e-01 2.831394225358963013e-02
1.710071265697479248e-01 2.830626629292964935e-02
2.005579620599746704e-01 2.832423523068428040e-02
1.569834053516387939e-01 2.842149324715137482e-02
1.970927566289901733e-01 2.889393456280231476e-02
7.645364105701446533e-02 2.879409492015838623e-02
1.831539571285247803e-01 2.841533906757831573e-02
1.616783738136291504e-01 2.913183905184268951e-02
1.759630590677261353e-01 2.852940373122692108e-02
1.157019734382629395e-01 2.855858020484447479e-02
1.177693158388137817e-01 2.857892774045467377e-02
1.787421405315399170e-01 2.848154120147228241e-02
1.545080542564392090e-01 2.838425897061824799e-02
1.386661231517791748e-01 2.846728451550006866e-02
1.632712185382843018e-01 2.986942417919635773e-02
1.818866729736328125e-01 2.827624045312404633e-02
1.633078157901763916e-01 2.819450385868549347e-02
1.440193802118301392e-01 2.917478047311306000e-02
1.070403829216957092e-01 2.873799949884414673e-02
1.622865051031112671e-01 2.814654819667339325e-02
1.426068395376205444e-01 2.841148898005485535e-02
1.819042861461639404e-01 2.859567478299140930e-02
1.483166515827178955e-01 2.845427021384239197e-02
1.444884538650512695e-01 2.833336032927036285e-02
1.392081230878829956e-01 2.840428426861763000e-02
1.612270176410675049e-01 2.854304946959018707e-02
1.410327255725860596e-01 2.854661829769611359e-02
1.529495418071746826e-01 2.826810069382190704e-02
1.304253786802291870e-01 2.825838699936866760e-02
