4.594453573226928711e-01 1.852457741517595652e-02 3.283370495266691706e-06 8.579561795920019650e-07
4.365060627460479736e-01 1.065838059468730836e-02 2.965058474707678795e-06 7.972043747037119579e-07
4.685661196708679199e-01 9.164080028664253058e-03 3.409932725957170286e-06 8.423820435273464631e-07
4.320377409458160400e-01 9.394855679479946833e-03 2.903054800794016877e-06 7.874033182980461602e-07
4.047573208808898926e-01 2.650111582919539507e-02 2.524504117661573111e-06 8.216543673428216180e-07
4.308310449123382568e-01 7.583846992108637421e-03 2.886310351598620807e-06 7.818184721478096430e-07
4.405051767826080322e-01 1.575104098712307860e-02 3.020551291418763722e-06 8.191397723418690438e-07
4.168114662170410156e-01 1.364461313233512017e-02 2.691770785136553157e-06 7.767050702134721896e-07
4.573585391044616699e-01 6.044157817582643602e-03 3.254413226272865773e-06 8.197414181377585424e-07
4.530476033687591553e-01 5.141507855687307491e-03 3.194593485088294565e-06 8.119422434030334570e-07
4.039922058582305908e-01 3.137461179410527823e-02 2.513887169175690006e-06 8.529671128195221111e-07
4.506383240222930908e-01 1.099579026929682971e-02 3.161161655948896957e-06 8.193891637367735187e-07
4.356913566589355469e-01 7.069666434081570659e-03 2.953753386842661083e-06 7.882704364642844312e-07
5.130695104598999023e-01 2.042217826875349085e-02 4.027474132753825182e-06 9.453145419284693358e-07
4.420946538448333740e-01 1.024022591688762869e-02 3.042607316446851553e-06 8.045831107110338940e-07
4.955946803092956543e-01 1.684354558710563637e-02 3.784988537759649217e-06 9.053028661766358640e-07
5.074720978736877441e-01 9.539039257735469277e-03 3.949802881605863649e-06 9.029572969746881895e-07
4.397244155406951904e-01 1.150686437221158133e-02 3.009717231650401549e-06 8.042984342635983533e-07
4.528590738773345947e-01 8.681041228462253040e-03 3.191977397520745010e-06 8.174175549493788178e-07
4.324804544448852539e-01 1.279087415020843839e-02 2.909198016224929209e-06 7.971934010331126974e-07
5.444109439849853516e-01 1.017761808889278974e-01 4.462376566185372052e-06 1.700838289596796508e-06
4.431456923484802246e-01 5.828281920237449003e-03 3.057191818540554297e-06 7.976867856942020801e-07
4.746752381324768066e-01 4.004489416877568542e-02 3.494704549905451179e-06 1.008523703817550768e-06
4.489070475101470947e-01 1.157247905202619422e-02 3.137137982383597430e-06 8.183006466040224532e-07
4.201329946517944336e-01 1.820843294516106409e-02 2.737861235907738700e-06 7.992587120203221844e-07
4.640144109725952148e-01 1.564703741066521617e-02 3.346771952294220055e-06 8.537054896856428702e-07
4.744537174701690674e-01 1.022517138338935490e-02 3.491630667690846130e-06 8.537081067432473215e-07
4.312652051448822021e-01 6.811801019482034182e-03 2.892334879528443768e-06 7.811118324942020740e-07
4.659207165241241455e-01 6.803736309417766047e-03 3.373224377406186148e-06 8.340134055590266096e-07
4.459908008575439453e-01 8.884559626710690494e-03 3.096671334146573039e-06 8.073960666601351409e-07
4.564620256423950195e-01 1.148405071592986312e-02 3.241972956559456991e-06 8.294732253836222022e-07
4.719268679618835449e-01 4.920960058809985271e-02 3.456567402343104447e-06 1.080265567256098278e-06
4.336977303028106689e-01 1.380528636918740455e-02 2.926089274001811465e-06 8.022430472068610142e-07
4.784127771854400635e-01 5.891821812581550001e-03 3.546567679518784199e-06 8.519282386916832866e-07
4.452479481697082520e-01 2.519330422768010364e-02 3.086363303999760797e-06 8.699092960317309919e-07
5.124430656433105469e-01 2.945881937419124810e-02 4.018781410548657621e-06 9.891267237037893407e-07
4.601906836032867432e-01 9.676960477750797332e-03 3.293712849673401181e-06 8.307110411995671790e-07
4.878095090389251709e-01 8.066790127885688916e-03 3.676959339686895971e-06 8.698075998499613025e-07
4.772773683071136475e-01 1.237077616176643705e-02 3.530812430680893069e-06 8.634291293271313902e-07
4.592428207397460938e-01 1.181169744721531287e-02 3.280560041408161227e-06 8.345598322733108532e-07
4.823205471038818359e-01 9.811660144517770840e-03 3.600792979885490306e-06 8.648214138585974100e-07
4.654251933097839355e-01 5.601783547850082423e-02 3.366348359703744666e-06 1.134781911649280028e-06
4.592860639095306396e-01 2.326809978116150396e-02 3.281160095638403446e-06 8.796234733252923458e-07
4.574372470378875732e-01 9.220705380310067339e-03 3.255505399410060719e-06 8.255185992044559623e-07
5.021407604217529297e-01 2.923693156355382586e-02 3.875823762895949763e-06 9.732116755263036624e-07
4.450549483299255371e-01 1.201278236908301204e-02 3.083685184637217222e-06 8.137221100577734580e-07
4.819158911705017090e-01 1.949343360931597366e-02 3.595177861802628892e-06 8.951545216200283362e-07
4.591051042079925537e-01 1.089732961565731406e-02 3.278649048577044035e-06 8.319597198515133607e-07
4.446637630462646484e-01 9.328189129769747651e-03 3.078256989029937076e-06 8.063438765676755892e-07
2.717666625976562500e-01 2.448675453791481047e-04 6.790888189405194196e-07 5.413155062977362461e-07
4.496965706348419189e-01 8.040670625401667715e-03 3.148093624470148322e-06 8.113386763111269269e-07
4.866192936897277832e-01 1.011483930524852831e-01 3.660443581042377210e-06 1.644572286110025076e-06
4.937067925930023193e-01 1.480259525890211501e-02 3.758791683643058011e-06 8.955682812829352389e-07
4.749857485294342041e-01 8.769400953698535187e-03 3.499013278385738773e-06 8.514097307480777395e-07
4.358432888984680176e-01 1.742431093927877470e-02 2.955861640781859393e-06 8.187888205637408683e-07
4.434063136577606201e-01 1.261826181898690648e-02 3.060808272188707851e-06 8.130067809656591884e-07
4.642044901847839355e-01 8.130653392344592417e-03 3.349409544217366826e-06 8.336631222865747623e-07
4.597165286540985107e-01 7.810240827867316778e-03 3.287133343951031419e-06 8.262059673041087231e-07
4.759934246540069580e-01 1.694058772087947765e-02 3.512996072067999186e-06 8.762735746811078141e-07
4.845035076141357422e-01 2.098497777411793136e-02 3.631084346016989386e-06 9.054080585610582680e-07
4.541344940662384033e-01 1.413224686695254383e-02 3.209675482177850397e-06 8.337989612724396819e-07
4.489015340805053711e-01 2.457176956393505168e-02 3.137061476503104975e-06 8.716564426253191306e-07
5.064378976821899414e-01 1.376427295445765454e-02 3.935452032606638549e-06 9.117830616419024940e-07
4.889152050018310547e-01 9.928677196815220707e-03 3.692302283860726206e-06 8.751941358063773858e-07
5.171414613723754883e-01 7.721757605653424214e-03 4.083977654178013112e-06 9.146275361234150698e-07
4.588665664196014404e-01 1.262258231126125486e-02 3.275339031996161175e-06 8.362676390664328687e-07
4.517917633056640625e-01 1.030396046100067776e-02 3.177167099693263459e-06 8.194091393007074464e-07
3.903307914733886719e-01 6.694710920254862141e-02 2.324317590128546134e-06 1.170060854017455772e-06
4.184946119785308838e-01 1.833004669077618540e-02 2.715126583042416055e-06 7.974275478656705936e-07
4.572067558765411377e-01 1.088244087591513400e-02 3.252307040060167602e-06 8.290436844280250056e-07
3.876555860042572021e-01 6.708505534271470838e-02 2.287195696277601864e-06 1.169132335045397830e-06
4.584650099277496338e-01 9.199911901930825017e-03 3.269766922624495039e-06 8.270398254601635922e-07
4.416370391845703125e-01 6.399370186372597621e-03 3.036257328365960003e-06 7.962257765748046118e-07
4.019866585731506348e-01 1.990251752663196524e-02 2.486057638214855489e-06 7.811532179207644653e-07
4.380205869674682617e-01 1.435675110570195645e-01 2.986074433306365878e-06 2.138586748489703572e-06
7.930595278739929199e-01 1.079747456992663501e-02 7.912693352623514597e-06 1.356891040872654619e-06
4.316820204257965088e-01 7.584622622469009562e-03 2.898118724093690305e-06 7.831091013374110718e-07
4.405429959297180176e-01 1.392966356900148493e-02 3.021076080404413570e-06 8.128378435610133487e-07
4.504870176315307617e-01 1.080885161115159414e-02 3.159062086460997539e-06 8.186827577163710392e-07
4.397186934947967529e-01 8.458918076818228160e-03 3.009637830952808898e-06 7.969954468704716730e-07
4.880538880825042725e-01 2.840779746713020804e-02 3.680350411146570746e-06 9.484863129196359601e-07
4.287523627281188965e-01 1.059446449542318820e-02 2.857465980471683855e-06 7.853872871493480808e-07
4.318079352378845215e-01 2.065970954547571500e-02 2.899865952986022709e-06 8.273097092835673254e-07
4.693477451801300049e-01 8.149399413294613689e-03 3.420778778539231574e-06 8.415762876460648252e-07
4.814893007278442383e-01 1.287208498515456274e-02 3.589258374378995229e-06 8.712282782668941529e-07
4.277069270610809326e-01 1.321773795126265916e-02 2.842959224894372803e-06 7.914301902684895270e-07
4.460795521736145020e-01 7.549430324175716855e-03 3.097902872049855362e-06 8.049189975599833267e-07
4.375772178173065186e-01 1.047220115877716025e-02 2.979922119878855474e-06 7.983440728231616942e-07
3.872180879116058350e-01 3.147075028449966604e-04 2.281124851274183402e-06 7.086275330383461454e-07
4.774313569068908691e-01 1.127387702230179742e-02 3.532949219245788222e-06 8.607763120810351373e-07
4.002938866615295410e-01 2.787264441370505830e-02 2.462568265177105603e-06 8.243500022032252274e-07
4.304348528385162354e-01 6.337849773041375270e-03 2.880812680380947834e-06 7.790845515966621348e-07
4.454688727855682373e-01 1.927122192780404003e-02 3.089428915308366982e-06 8.406789621512302959e-07
4.486342072486877441e-01 3.509722474620836918e-02 3.133351975162460390e-06 9.379081269039262350e-07
4.375769793987274170e-01 1.293708087219879767e-02 2.979918811516455251e-06 8.052501402152397730e-07
4.630708992481231689e-01 1.582216254197099659e-02 3.333679521642774010e-06 8.529164786354508660e-07
4.517744183540344238e-01 6.606345376233089400e-03 3.176926416328687035e-06 8.120263019980014573e-07
4.232504963874816895e-01 1.823558633861872835e-02 2.781120555555395758e-06 8.038852172844505990e-07
4.661951661109924316e-01 1.526905282722872646e-02 3.377032716073521306e-06 8.556553020530951799e-07
4.890694916248321533e-01 2.477242994098470541e-01 3.694443207878621638e-06 3.539245950103399387e-06
4.781051278114318848e-01 3.889000259758298300e-02 3.542298651387293353e-06 1.004293379654751469e-06
4.547751843929290771e-01 6.343276222231705730e-02 3.218565879036399104e-06 1.196158999727998673e-06
5.507277250289916992e-01 1.014783725654494762e-01 4.550029973783777210e-06 1.703011286424923720e-06
4.496779739856719971e-01 2.104962302314444117e-02 3.147835572202973268e-06 8.549040224102615102e-07
4.440340399742126465e-01 6.834433428627666347e-03 3.069518776841774070e-06 8.005722625820784749e-07
4.504849016666412354e-01 7.087642654557520065e-03 3.159032724744700640e-06 8.108351942837493768e-07
4.220144450664520264e-01 2.191805674392705364e-02 2.763968764239538280e-06 8.195978641673824332e-07
4.542323350906372070e-01 7.671039480468351893e-03 3.211033151397620052e-06 8.175728966294597810e-07
4.132890999317169189e-01 5.732653238297573395e-02 2.642893452588934490e-06 1.090997529797316400e-06
5.015705823898315430e-01 9.002494005886979567e-02 3.867911814217106965e-06 1.528747464664044489e-06
4.587486982345581055e-01 1.584868581569732343e-02 3.273703460334817668e-06 8.465672682146783091e-07
4.742189645767211914e-01 1.223966446717821357e-02 3.488373171363057495e-06 8.584239334627789980e-07
2.863064110279083252e-01 2.206344434300050786e-04 8.808464050680961402e-07 5.615371039311964279e-07
4.583950936794281006e-01 2.519349016422337689e-02 3.268796745350787994e-06 8.884815248715337410e-07
4.368205964565277100e-01 2.478318105109215616e-02 2.969423031803460838e-06 8.557894828950763276e-07
4.469186961650848389e-01 2.263432546917716615e-02 3.109547067060840044e-06 8.586896539666547321e-07
4.231234490871429443e-01 9.482789148950152708e-03 2.779357611941664835e-06 7.741891500848325332e-07
4.616707861423492432e-01 1.262266716457897259e-02 3.314251163450634821e-06 8.404995157445038208e-07
4.490365386009216309e-01 6.032263002865448712e-03 3.138934836711925558e-06 8.069788912174122258e-07
2.797572314739227295e-01 4.648276036886670490e-04 7.899681712206003162e-07 5.524182535357770672e-07
4.245928525924682617e-01 1.237609604583364033e-02 2.799747462956211330e-06 7.841758866769823252e-07
4.325308501720428467e-01 8.075406946528139104e-03 2.909897321327162029e-06 7.853352238905392056e-07
4.898745119571685791e-01 2.487830828233841135e-02 3.705613893521151460e-06 9.318914234909381148e-07
4.760562479496002197e-01 6.213103201453116543e-03 3.513867825560315686e-06 8.487318337091772589e-07
4.033054113388061523e-01 2.229412513399819246e-02 2.504357017738103179e-06 7.952920925758140976e-07
4.329374432563781738e-01 3.273902708504330267e-02 2.915539319854521868e-06 9.005170010903091109e-07
4.534505307674407959e-01 2.666650623481602034e-02 3.200184617543759444e-06 8.897577108438884954e-07
4.417815506458282471e-01 2.810623899177097651e-02 3.038262609525467461e-06 8.820944542603881881e-07
4.193488061428070068e-01 2.607277578642674259e-02 2.726979618429880942e-06 8.389555635491440475e-07
4.804393351078033447e-01 1.274744813064133432e-02 3.574688759916090949e-06 8.692811170084399301e-07
4.171950519084930420e-01 5.065337065495702923e-02 2.697093526692343130e-06 1.029993550592886628e-06
4.476057589054107666e-01 3.363040250673218073e-02 3.119080940406127122e-06 9.261686902230452159e-07
4.531710743904113770e-01 9.141262262621924900e-03 3.196306803266030611e-06 8.188545603159326233e-07
4.900620281696319580e-01 1.027574997815754176e-02 3.708215920548501761e-06 8.777224697278144994e-07
4.457659721374511719e-01 4.494166124186699252e-02 3.093551548403672518e-06 1.011857951833356794e-06
4.675700366497039795e-01 9.641699175755464105e-03 3.396110801396594466e-06 8.418838572135034760e-07
5.043396949768066406e-01 8.566133652135906121e-03 3.906336789308227372e-06 8.962361348154220901e-07
4.265407621860504150e-01 2.419900129055753760e-02 2.826777197306922343e-06 8.381456481487294168e-07
4.176048636436462402e-01 3.019202031702887881e-02 2.702780188112098358e-06 8.627397751069578009e-07
4.920012652873992920e-01 2.068046617624130085e-02 3.735125313216924986e-06 9.151247800616686901e-07
2.834196984767913818e-01 6.008284920285603386e-04 8.407895802233324774e-07 5.575511251426574124e-07
4.387295544147491455e-01 1.645890293769462498e-01 2.995912262447123484e-06 2.412183471665924845e-06
4.643029272556304932e-01 9.941155298348873515e-03 3.350775484343136192e-06 8.375711924698482606e-07
4.712270796298980713e-01 8.405930498142505369e-03 3.446856945154734256e-06 8.449405636328162222e-07
4.300820529460906982e-01 4.071630700904986522e-02 2.875917131120016371e-06 9.574073192217978112e-07
4.489808082580566406e-01 1.075503863997890990e-02 3.138161507000999603e-06 8.162688449172152171e-07
4.388529062271118164e-01 1.653864760204898365e-02 2.997623926443659419e-06 8.196814003236856350e-07
4.962522387504577637e-01 1.150675389714473848e-02 3.794113001257975596e-06 8.901267451651427202e-07
4.848833382129669189e-01 8.720591581932063061e-03 3.636354980864984315e-06 8.665150815868830332e-07
4.289478063583374023e-01 7.265046793066592956e-02 2.860178010548823788e-06 1.268393981453165889e-06
4.942628443241119385e-01 7.438149217352035478e-03 3.766507611849718927e-06 8.787005688044565145e-07
4.780483841896057129e-01 1.287962251343940934e-02 3.541511261136168144e-06 8.660257620250064364e-07
3.912463784217834473e-01 3.860283511825932101e-02 2.337022528833929570e-06 8.926239342572448971e-07
4.199468195438385010e-01 2.560653732834842350e-02 2.735277818418886266e-06 8.370192838255814738e-07
4.980283379554748535e-01 8.694610502452088802e-03 3.818758646954414585e-06 8.867219155206296482e-07
4.666454792022705078e-01 5.490861522856217702e-02 3.383281385555922963e-06 1.125717444353264028e-06
4.938429892063140869e-01 6.133061847493589958e-02 3.760681585663877169e-06 1.217507402268075499e-06
3.744692206382751465e-01 1.300929965300195446e-01 2.104218029311826897e-06 1.929730409973893505e-06
4.387262463569641113e-01 5.575187812018020383e-02 2.995866358918828011e-06 1.102574765909395410e-06
4.544785916805267334e-01 7.436121547803996312e-02 3.214450276211193196e-06 1.311141382655029223e-06
4.627967476844787598e-01 1.338678937035553233e-02 3.329875318428438284e-06 8.444615307470514254e-07
4.415268301963806152e-01 1.381945342970964698e-02 3.034728037846705877e-06 8.139433114318638125e-07
4.785976707935333252e-01 2.968654571070980172e-02 3.549133314559738822e-06 9.427404689384318655e-07
5.264664888381958008e-01 1.971807357688163884e-02 4.213374324354420400e-06 9.625356901960076304e-07
4.565486013889312744e-01 5.236493704227142276e-02 3.243174305655842360e-06 1.090524524371904215e-06
4.734877347946166992e-01 2.199357666108777976e-01 3.478226423883229874e-06 3.160802400007352356e-06
4.189907312393188477e-01 7.622147715054311545e-02 2.722010871650857248e-06 1.299097932509641191e-06
4.068873822689056396e-01 3.222196420685503881e-02 2.554061440885642109e-06 8.627567513784946055e-07
4.455312192440032959e-01 1.075269836170126420e-01 3.090294052075883883e-06 1.689622400618975079e-06
4.940450787544250488e-01 1.950848475972993823e-02 3.763485836342908923e-06 9.132099014785622011e-07
4.220856130123138428e-01 1.515120861897781453e-02 2.764956310415843956e-06 7.897843506153242512e-07
4.763264060020446777e-01 2.279634856863915413e-02 3.517616613704456991e-06 9.018810139432873844e-07
4.501037597656250000e-01 1.886961988511101640e-02 3.153743893903507025e-06 8.457012541295240483e-07
4.129842519760131836e-01 2.497186409045709307e-02 2.638663297715639490e-06 8.237106581974037416e-07
4.167098402976989746e-01 2.862507922294914298e-02 2.690360595663688430e-06 8.512212933097546021e-07
4.182611107826232910e-01 3.761581214778744742e-02 2.711886455617226898e-06 9.178497962213229638e-07
3.663294911384582520e-01 1.810863767255188328e-01 1.991268882805443931e-06 2.598652565734656219e-06
4.335107803344726562e-01 3.857491858798450107e-02 2.923495104335159152e-06 9.445516002221331245e-07
3.577853143215179443e-01 2.489883807523516832e-02 1.872707513033299747e-06 7.489025488607860831e-07
4.011982679367065430e-01 4.789318954846157744e-02 2.475117710849703115e-06 9.862519792743278849e-07
