7.864751219749450684e-01 3.740552176956529577e-03 5.488429620889711679e-06 1.338507103396808478e-06
9.440118074417114258e-01 2.260007084091126064e-03 7.073850333122255952e-06 1.593750709372315362e-06
8.146791458129882812e-01 3.541661574380265774e-03 5.772269816134692187e-06 1.384046064213926031e-06
6.496204137802124023e-01 2.225700027265002483e-03 4.111148587614180705e-06 1.118243869840738373e-06
6.911175251007080078e-01 6.050430782775854423e-03 4.528768011244952457e-06 1.185999057133040738e-06
7.531808614730834961e-01 5.181554671027455497e-03 5.153362204422751793e-06 1.285300073644585245e-06
7.794499397277832031e-01 2.687533505905693402e-03 5.417729457249360832e-06 1.326906064061530939e-06
8.280107975006103516e-01 3.734494105738667916e-03 5.906437147707024405e-06 1.405674582273353055e-06
6.580094695091247559e-01 1.198190551614541216e-02 4.195574527320118882e-06 1.137811974273916224e-06
8.819927573204040527e-01 4.347964399653000966e-03 6.449701828766095260e-06 1.493369409614205889e-06
6.560713648796081543e-01 7.735713219972465554e-03 4.176069792832370203e-06 1.131000833783543388e-06
1.095705866813659668e+00 3.251655102392054467e-03 8.600471912967893364e-06 1.841487549152954785e-06
6.895524263381958008e-01 2.347673897471386044e-03 4.513017140345109760e-06 1.182165266379495202e-06
7.016459703445434570e-01 2.411251633282075757e-03 4.634724380123262557e-06 1.201578460733516837e-06
7.993848919868469238e-01 6.599094910800833158e-02 5.618351211574348913e-06 1.511991538278862406e-06
8.987237215042114258e-01 3.125484531426732902e-03 6.618079226538786677e-06 1.520237510026195321e-06
8.063325881958007812e-01 2.568925845187862954e-03 5.688271569739424102e-06 1.370326194871700215e-06
8.558443188667297363e-01 8.715277298259776692e-03 6.186548673079456597e-06 1.452930280400074027e-06
7.416673898696899414e-01 3.567556864006265344e-03 5.037492708402586993e-06 1.266200251836418996e-06
7.208216190338134766e-01 2.263943001011992171e-03 4.827704640640911987e-06 1.232354171703661752e-06
7.455557584762573242e-01 4.669916503123234565e-03 5.076624546852668806e-06 1.272821755520398142e-06
7.231333851814270020e-01 2.842209418075232474e-03 4.850969837070589580e-06 1.236191854209147690e-06
6.809706687927246094e-01 2.963854348231636376e-03 4.426651884407195692e-06 1.168553092095717064e-06
6.843598484992980957e-01 2.026214426362532659e-03 4.460759976045402026e-06 1.173781558518613610e-06
7.873368263244628906e-01 4.519032294077966055e-03 5.497101657625144870e-06 1.340141074364334506e-06
8.966960310935974121e-01 6.176958896205959025e-03 6.597672916951545762e-06 1.517887059943759736e-06
7.332223057746887207e-01 8.806317218871553831e-03 4.952502909352987304e-06 1.255217509535987152e-06
7.204391360282897949e-01 6.722877011177639042e-03 4.823855400844876071e-06 1.233380372183885847e-06
7.862142324447631836e-01 4.786254395335835451e-03 5.485804075839493209e-06 1.338422085078341584e-06
7.464898824691772461e-01 5.425638948968548696e-03 5.086025401782302916e-06 1.274627982431229461e-06
7.720808982849121094e-01 2.858143735091866339e-03 5.343568756849881226e-06 1.315046973035773104e-06
8.141518235206604004e-01 2.950447767437049378e-03 5.766962939950256127e-06 1.383052817701912263e-06
7.632284164428710938e-01 2.906693931398643231e-03 5.254478980551426738e-06 1.300776081795623397e-06
7.675063610076904297e-01 3.551074624420649285e-03 5.297531440991049101e-06 1.307837185999924826e-06
7.815545201301574707e-01 3.438829543998541544e-03 5.438909573808222350e-06 1.330479077209488850e-06
9.166941642761230469e-01 1.065661446994181465e-02 6.798930512664066173e-06 1.552827820955162522e-06
7.416016459465026855e-01 6.808806086662439090e-03 5.036831073449334203e-06 1.267434620097346259e-06
7.876254916191101074e-01 3.621707248697902167e-03 5.500006732945731904e-06 1.340332148114515303e-06
7.213867902755737305e-01 7.355935859777815861e-03 4.833392421807501601e-06 1.235266226314354193e-06
1.321796655654907227e+00 7.217048502013256699e-03 1.087580872364064543e-05 2.213060684610517776e-06
8.613859415054321289e-01 7.614753039022934336e-03 6.242318561120098502e-06 1.461283440618699286e-06
7.879573702812194824e-01 1.059951019353466695e-02 5.503346699781374758e-06 1.344598819589380838e-06
7.553212046623229980e-01 5.556782351447948562e-03 5.174902231200972480e-06 1.288905671937439512e-06
9.083783030509948730e-01 5.540336671476540041e-03 6.715241189207080824e-06 1.536616689843435292e-06
7.460519671440124512e-01 4.266707164274620434e-02 5.081618301146262237e-06 1.343019395605036105e-06
7.497718930244445801e-01 5.590508435081839034e-01 5.119054962463167498e-06 5.760955616123397795e-06
8.751965165138244629e-01 1.029780510581394457e-02 6.381305690380003855e-06 1.485302662187124097e-06
8.477974534034729004e-01 5.083563539004192118e-03 6.105566474322409300e-06 1.438146434794013481e-06
7.359483242034912109e-01 1.173870021713622341e-02 4.979937065823562985e-06 1.262007067713197782e-06
6.994605064392089844e-01 9.284459349620344942e-03 4.612730266618286827e-06 1.201453230920316774e-06
7.142469882965087891e-01 2.726083326471400239e-02 4.761538745914108963e-06 1.251907741528266765e-06
7.950637936592102051e-01 1.992988192315231152e-02 5.574864459470033526e-06 1.366611113285200805e-06
8.842185139656066895e-01 4.930929805949733208e-02 6.472101441118216026e-06 1.576236268144093962e-06
7.231945991516113281e-01 1.287636940408773238e-02 4.851585883396056502e-06 1.242713617915236815e-06
8.724359273910522461e-01 2.023439748367810570e-02 6.353523620697380808e-06 1.491137944202830936e-06
8.872545957565307617e-01 1.090936700410872207e-01 6.502656019190626704e-06 1.858866610697628306e-06
8.032084107398986816e-01 1.767698751798513906e-02 5.656830412826660518e-06 1.376536580948293829e-06
8.883241415023803711e-01 8.577436286435060481e-03 6.513419734150898902e-06 1.505483413621486388e-06
8.526450991630554199e-01 1.797920300573220900e-02 6.154352304556407144e-06 1.456347869161188716e-06
7.756875753402709961e-01 7.404960892464949526e-03 5.379865702472151661e-06 1.322650289058401272e-06
8.095459938049316406e-01 9.599772008837376483e-03 5.720610702649484518e-06 1.378660244595994639e-06
9.055426120758056641e-01 9.923906205567516181e-02 6.686703308063807419e-06 1.827083444285622394e-06
5.975323915481567383e-01 6.843636218326024645e-01 3.586944151921951827e-06 6.953830943512055489e-06
8.732778429985046387e-01 1.253590998448494281e-02 6.361996507111437733e-06 1.483934706979443677e-06
7.615795731544494629e-01 1.246585791549084665e-02 5.237885319887918454e-06 1.303818803071283577e-06
7.879327535629272461e-01 1.041849560601476599e-02 5.503098961580383402e-06 1.344416323463108931e-06
7.441945075988769531e-01 1.467368838765030145e-02 5.062925164203166425e-06 1.278294755923556058e-06
7.279921770095825195e-01 1.141079017459177211e-02 4.899867839322953543e-06 1.248951750955786597e-06
7.107859253883361816e-01 1.748321045031267507e-02 4.726707234734992276e-06 1.228636483359380697e-06
1.002259969711303711e+00 8.980227538168659290e-03 7.660049304098926303e-06 1.690940116493454948e-06
8.997645378112792969e-01 1.805283852192097679e-02 6.628553813622841545e-06 1.532378565970514254e-06
8.880627155303955078e-01 6.268722791192640927e-03 6.510788790447389867e-06 1.503909378432163878e-06
7.971078753471374512e-01 1.781724039771721002e-01 5.595435727907815542e-06 2.245316223774947057e-06
8.504195213317871094e-01 1.243424984475758471e-02 6.131954491755383234e-06 1.446894925710431712e-06
8.324283957481384277e-01 1.735615525110675503e-02 5.950895057553241501e-06 1.423055706273658796e-06
8.192532658576965332e-01 3.112918131428628332e-02 5.818302933040966112e-06 1.425725062302130541e-06
6.834046244621276855e-01 9.858786276006861055e-03 4.451146774086345786e-06 1.176252595551138032e-06
7.749216556549072266e-01 9.051193769991540058e-03 5.372157625274231064e-06 1.322450132958744935e-06
7.521055340766906738e-01 6.954426773819834262e-02 5.142540303977017436e-06 1.460518229307513815e-06
7.863836288452148438e-01 1.257480174854531604e-02 5.487508850578520219e-06 1.343784685402955577e-06
7.621849179267883301e-01 2.092479725392649634e-02 5.243977400200920737e-06 1.315672683049346306e-06
6.483629345893859863e-01 7.224912178526737838e-02 4.098493544451181522e-06 1.331345418361620886e-06
6.701512932777404785e-01 2.233940132455957198e-02 4.317767645894407319e-06 1.172532082360184575e-06
6.720518469810485840e-01 8.904680501198283804e-02 4.336894474651829972e-06 1.460135238478045419e-06
7.672421932220458984e-01 1.820703467415724641e-01 5.294872904170722750e-06 2.248286331948907085e-06
7.150416970252990723e-01 8.815172058436571145e-03 4.769536550838613073e-06 1.226055720197490067e-06
7.665497660636901855e-01 2.414679925960572585e-02 5.287904442473584203e-06 1.328155538135343493e-06
8.051244616508483887e-01 1.828636864299470338e-02 5.676113202679139997e-06 1.380411543161134462e-06
8.374772071838378906e-01 1.476193397890932131e-02 6.001705382771128528e-06 1.428233141582928481e-06
7.315548062324523926e-01 6.056614100181734878e-02 4.935721495525046678e-06 1.389737457651483575e-06
8.092513680458068848e-01 1.463958188774490757e-02 5.717645642292338469e-06 1.382651942567583503e-06
7.649737596511840820e-01 3.301225335033457914e-02 5.272043798956835037e-06 1.344813191558465463e-06
6.772572994232177734e-01 1.756933758249103195e-02 4.389281206630506194e-06 1.175555277056286285e-06
8.448696732521057129e-01 4.705458272224908450e-02 6.076101824364287687e-06 1.508499340105319841e-06
7.323169708251953125e-01 1.202698396211128104e-02 4.943391782149935012e-06 1.256462513715271704e-06
7.630106210708618164e-01 1.036464930619779116e-02 5.252287127315535109e-06 1.304261216760470704e-06
7.002474069595336914e-01 9.833536016098584631e-03 4.620649491144897188e-06 1.203153005950895140e-06
8.334628343582153320e-01 2.404718847054125586e-02 5.961305460648175767e-06 1.434500947921417615e-06
7.465097904205322266e-01 5.204016103957230521e-02 5.086225751804413243e-06 1.376662745695829253e-06
8.807232975959777832e-01 2.195901304475470980e-02 6.436926215679611866e-06 1.506909065803310253e-06
7.990882396697998047e-01 1.412833967766323473e-02 5.615365756304772969e-06 1.365764248387649101e-06
6.794556379318237305e-01 2.348817501274052741e-02 4.411404887814452105e-06 1.189395849685983899e-06
9.681292772293090820e-01 1.834235841828395913e-02 7.316564187451545819e-06 1.643244174693966407e-06
8.066490888595581055e-01 1.614475008209416765e-02 5.691456775180742496e-06 1.380161595742864260e-06
1.035732030868530273e+00 3.082706131534154390e-02 7.996906074206460308e-06 1.770475412891588775e-06
6.882434487342834473e-01 9.619444525180787312e-03 4.499843826466234933e-06 1.183783370409610547e-06
7.661638855934143066e-01 1.464170063240810213e-02 5.284021011206709733e-06 1.313449324121699558e-06
7.052899599075317383e-01 2.631815011553866740e-02 4.671396832074395979e-06 1.235809260146615277e-06
7.134237885475158691e-01 1.068608785123873611e-02 4.753254212514850563e-06 1.224966749662636101e-06
7.966379523277282715e-01 1.610884547432941613e-02 5.590706507625449652e-06 1.364041973783240872e-06
6.815999150276184082e-01 1.523291444429316667e-02 4.432984504716801910e-06 1.179157664906573039e-06
8.018519282341003418e-01 9.806630152102976256e-03 5.643179018206405349e-06 1.366393221475149729e-06
6.635094285011291504e-01 1.437225506258528462e-02 4.250925119955210481e-06 1.149327809210878304e-06
6.971318721771240234e-01 1.033873584062437387e-02 4.589295312535145445e-06 1.198598906362462658e-06
7.372976541519165039e-01 5.843863550707267818e-02 4.993516478399945643e-06 1.388882828761089723e-06
8.142855167388916016e-01 9.596592720432272142e-03 5.768308404320290152e-06 1.386308914702019751e-06
6.636258363723754883e-01 1.654456264112645278e-02 4.252096627719220823e-06 1.152458036505584656e-06
7.138909101486206055e-01 1.078851015742883154e-02 4.757955239830032954e-06 1.225805136533704423e-06
7.021757960319519043e-01 1.370074022023972694e-02 4.640056450023054589e-06 1.210040999683879815e-06
8.295639157295227051e-01 3.482107408580871477e-02 5.922067448683384584e-06 1.450517981135725201e-06
7.498968243598937988e-01 1.389946253678700679e-02 5.120312248829457315e-06 1.286554461334843319e-06
7.253533005714416504e-01 1.253383963058824976e-02 4.873310664086880309e-06 1.245814412071330947e-06
6.994976997375488281e-01 1.999056061638705001e-02 4.613104573246419143e-06 1.214609191550343960e-06
7.487887144088745117e-01 7.100738726101954272e-03 5.109160430682645838e-06 1.279157247455032869e-06
7.662387490272521973e-01 1.092065609550701977e-02 5.284774423265898747e-06 1.309908930258899794e-06
7.055756449699401855e-01 1.470832820106359774e-02 4.674271914876702659e-06 1.216653109692779970e-06
6.463125944137573242e-01 2.878062436748104330e-02 4.077859291725012965e-06 1.149701211979740382e-06
7.539187073707580566e-01 9.966335306167964023e-03 5.160787752098476298e-06 1.289329387471899067e-06
7.722554802894592285e-01 8.423300197127931918e-03 5.345325718570715341e-06 1.317735981037034053e-06
6.697497963905334473e-01 1.202093233208280029e-02 4.313727053831745351e-06 1.156528546579209454e-06
7.820883393287658691e-01 1.232434580727333022e-02 5.444281833682507990e-06 1.336641160437181083e-06
7.003753185272216797e-01 1.165274120019231877e-02 4.621936770029467359e-06 1.204996211001248973e-06
7.702606320381164551e-01 2.138715354057555210e-02 5.325249926534916036e-06 1.329280428544892556e-06
8.140337467193603516e-01 2.577518989926369172e-02 5.765774636376007906e-06 1.406591889813549650e-06
7.855406403541564941e-01 1.386216255658851391e-02 5.479025166857882164e-06 1.343707914698229015e-06
7.605552077293395996e-01 1.047504301309822895e-02 5.227576291504769176e-06 1.300402532509076275e-06
7.339578866958618164e-01 7.426992292726847418e-03 4.959905662714818875e-06 1.255498668717214267e-06
6.971462965011596680e-01 1.102314543109329976e-02 4.589440476323619446e-06 1.199237533845858518e-06
7.602716088294982910e-01 7.115739377686091001e-03 5.224722203465258574e-06 1.297649910741259781e-06
6.956465840339660645e-01 9.464169419454351168e-03 4.574347641274835829e-06 1.195493483354266450e-06
6.089114546775817871e-01 4.525439974491952955e-02 3.701460985367695181e-06 1.147128201640855507e-06
7.576469182968139648e-01 1.666773403506104090e-02 5.198307792616197996e-06 1.302259592116794585e-06
7.250204682350158691e-01 9.694066176318337849e-03 4.869961099645386997e-06 1.242720375239537196e-06
6.753101348876953125e-01 6.005310680196523920e-03 4.369685294887185780e-06 1.160675622911851550e-06
6.750721335411071777e-01 1.683327725696260463e-02 4.367290092377357991e-06 1.171004317852855855e-06
8.384509682655334473e-01 6.808227566618529902e-03 6.011505138193886437e-06 1.423732738046244171e-06
7.978389263153076172e-01 2.460796988477767858e-02 5.602792892641861246e-06 1.378699221517250262e-06
7.582262158393859863e-01 1.302765344479491806e-02 5.204137738319435777e-06 1.298992226636246193e-06
8.661968708038330078e-01 1.523686573974405815e-02 6.290734883528888413e-06 1.475052282587841484e-06
8.082473874092102051e-01 8.136396074354809368e-03 5.707541762734223901e-06 1.375612242707459865e-06
8.479565382003784180e-01 1.290228754127091711e-02 6.107167474948186589e-06 1.443330917141489693e-06
8.377427458763122559e-01 2.686213990188610762e-02 6.004377716149863537e-06 1.446347627292082476e-06
7.474745512008666992e-01 1.088523492870555921e-02 5.095934929821963906e-06 1.279730613631789155e-06
7.192940115928649902e-01 8.504005259786366275e-03 4.812331075621029133e-06 1.232653048803244105e-06
8.687270879745483398e-01 8.362532866632110470e-03 6.316198531548478871e-06 1.473589751421414084e-06
7.569382190704345703e-01 1.007523650139255031e-02 5.191175571769250714e-06 1.294268255946252883e-06
6.746805906295776367e-01 1.807328957151230903e-02 4.363349675325752035e-06 1.172249297913818500e-06
8.176754117012023926e-01 9.556188222528199175e-03 5.802423694162883906e-06 1.391754491545169613e-06
6.558369398117065430e-01 2.850668892660879195e-02 4.173710581344477824e-06 1.163751789044024438e-06
6.920591592788696289e-01 4.367472380316159142e-02 4.538244447320652789e-06 1.264537360409417953e-06
6.458864808082580566e-01 1.999863464352577211e-02 4.073570961461361336e-06 1.130066726741432068e-06
8.524751663208007812e-01 6.219644517773067344e-03 6.152642131164089568e-06 1.446175328178256697e-06
8.668887019157409668e-01 1.263025216276800894e-02 6.297697346722371905e-06 1.473682942573726891e-06
7.712109684944152832e-01 3.056648737692886988e-02 5.334813940763994392e-06 1.348762486808132728e-06
7.797375917434692383e-01 4.066528442123079623e-02 5.420624335113731224e-06 1.388573066066175776e-06
8.445027470588684082e-01 5.133002067484280367e-02 6.072409145513673085e-06 1.521950521818317449e-06
7.161203026771545410e-01 4.332079486780084782e-02 4.780391443054455311e-06 1.299645615743360769e-06
7.515544891357421875e-01 2.753947820028007296e-02 5.136994687347074296e-06 1.311155321259391839e-06
8.088791370391845703e-01 1.211911091105626059e-01 5.713899576759186091e-06 1.836094343609172547e-06
7.116950750350952148e-01 1.474716520958716491e-02 4.735856752361441321e-06 1.226458087925428739e-06
8.035049438476562500e-01 1.424833588409004856e-02 5.659814668395505790e-06 1.372993641744697114e-06
6.964725255966186523e-01 1.283745809574457324e-02 4.582659767790911546e-06 1.199983437849563990e-06
7.339274883270263672e-01 1.752965454341341711e-02 4.959599739028363666e-06 1.265546847592875203e-06
8.082828521728515625e-01 5.607325533659306659e-03 5.707898673701755542e-06 1.374393472850853233e-06
6.949724555015563965e-01 1.952952846062734962e-02 4.567563333639934218e-06 1.206685897313849430e-06
7.161298990249633789e-01 2.088609855493916631e-02 4.780488018963315917e-06 1.242452958627496190e-06
7.159710526466369629e-01 5.674318777747543174e-02 4.778889417738999972e-06 1.350588251413687167e-06
7.119428515434265137e-01 1.177702112155272138e-02 4.738350330331228265e-06 1.223607550610928538e-06
6.898714900016784668e-01 1.367248277831242982e-02 4.516228139352150309e-06 1.190395285023540119e-06
8.046596646308898926e-01 1.814213360213184911e-02 5.671435569528215028e-06 1.379474148170194875e-06
6.900845766067504883e-01 1.757792868282541388e-02 4.518372604409159215e-06 1.195897517473665960e-06
6.854661703109741211e-01 7.714892004949246845e-03 4.471893798681246646e-06 1.177931763141519197e-06
