7.136680483818054199e-01 3.866347352954552924e-02 1.024454973675588365e-05 7.807003919955612714e-07
7.204916477203369141e-01 1.308068563859709176e-02 1.038255258473253725e-05 2.641277534937378063e-07
6.576001644134521484e-01 1.232694083702103038e-02 9.110613336949253469e-06 2.489079915754153039e-07
6.480234265327453613e-01 1.421996222098535420e-02 8.916930056865598949e-06 2.871322482601534704e-07
6.413426399230957031e-01 1.524274640927671988e-02 8.781815503223831365e-06 3.077845059036823029e-07
7.270950078964233398e-01 3.008313850754070970e-02 1.051610123923364804e-05 6.074445951511968476e-07
6.921944022178649902e-01 1.033788708216344492e-02 9.810259242832412388e-06 2.087446305434347548e-07
6.981738209724426270e-01 5.441736500778727482e-03 9.931189088862074670e-06 1.098806038740421600e-07
6.879964470863342285e-01 2.218439139750089453e-02 9.725358337153777188e-06 4.479515542486616194e-07
6.756072640419006348e-01 1.815287452369519425e-02 9.474795187207189252e-06 3.665463798969140860e-07
6.710236668586730957e-01 1.058593994530377704e-02 9.382094922452299850e-06 2.137533622948976287e-07
6.915008425712585449e-01 5.367506849385824882e-03 9.796232451145963673e-06 1.083817442877236010e-07
7.360429167747497559e-01 1.178013616755109287e-02 1.069706686270918586e-05 2.378668051317305399e-07
6.771011948585510254e-01 4.104653311144739088e-03 9.505008964005845756e-06 8.288195954685202534e-08
6.496811509132385254e-01 4.393518329125732369e-01 8.950456451707769509e-06 8.871477828206557597e-06
6.274053454399108887e-01 6.531594457957979639e-03 8.499942808719651043e-06 1.318872281298562669e-07
6.365612149238586426e-01 6.973009723945957500e-03 8.685114299863979070e-06 1.408003712008298567e-07
6.862838268280029297e-01 1.406788290107901553e-02 9.690721708971693961e-06 2.840614329963730850e-07
6.778748035430908203e-01 4.277376123623607279e-03 9.520654695296529977e-06 8.636961223552686198e-08
7.432610988616943359e-01 1.146018144846157848e-02 1.084304988952429753e-05 2.314062170931743859e-07
6.106435656547546387e-01 2.575719690689667329e-01 8.160946740406109745e-06 5.200943393395482022e-06
7.187160849571228027e-01 2.977442465352193261e-03 1.034664298542455974e-05 6.012109848506958793e-08
6.445946693420410156e-01 1.609682654012488737e-02 8.847585678061631529e-06 3.250302583433654274e-07
6.283217072486877441e-01 1.456900701906029862e-02 8.518475628880141717e-06 2.941802288424693300e-07
6.503524780273437500e-01 8.284721724115646016e-03 8.964033604918880389e-06 1.672867155261839669e-07
6.850290894508361816e-01 9.260308589249576297e-03 9.665345463544447243e-06 1.869859556230096203e-07
6.581631302833557129e-01 3.491422816894668157e-02 9.121998954642490890e-06 7.049948990457283955e-07
6.623578071594238281e-01 1.127603731001418016e-02 9.206833559741651847e-06 2.276879427648290301e-07
7.009851932525634766e-01 9.332446172009427332e-02 9.988047260353543757e-06 1.884425717518008420e-06
6.991788744926452637e-01 1.899003771746051589e-02 9.951515641063596735e-06 3.834505422463574315e-07
6.716822385787963867e-01 2.559536326404872331e-02 9.395414106136002998e-06 5.168265628860716095e-07
6.286974549293518066e-01 1.153261116045880552e-01 8.526074880752897015e-06 2.328687319524549391e-06
6.508474349975585938e-01 1.124617065166701700e-02 8.974043786954309865e-06 2.270848693792624162e-07
6.496382951736450195e-01 1.000516113680928638e-02 8.949589722314287791e-06 2.020261634153691757e-07
6.383023858070373535e-01 1.134358078705118358e-02 8.720328345820023587e-06 2.290517938155949708e-07
6.442186236381530762e-01 1.850617012236657755e-02 8.839980398863469944e-06 3.736801934732417085e-07
6.977077126502990723e-01 2.456039846022158024e-02 9.921762351926012772e-06 4.959283518799650803e-07
6.976868510246276855e-01 1.085657768281981378e-02 9.921340439147543859e-06 2.192181322309485627e-07
6.781309247016906738e-01 1.778282131670144359e-02 9.525834578751040600e-06 3.590741934277271423e-07
7.133368849754333496e-01 9.701678049821091734e-03 1.023785217276396992e-05 1.958981737820877454e-07
7.209399938583374023e-01 8.286255771545236737e-03 1.039162009307436240e-05 1.673176913108274822e-07
6.247017979621887207e-01 1.463005136375448156e-01 8.445265323560322406e-06 2.954128481464602752e-06
7.534242868423461914e-01 1.122432190848733982e-02 1.104859374054323710e-05 2.266436952992370267e-07
6.587325334548950195e-01 1.266472399203215013e-02 9.133514762564512587e-06 2.557285748663904456e-07
7.180876731872558594e-01 1.173201902381591083e-02 1.033393376707201353e-05 2.368952143886728073e-07
6.233090758323669434e-01 3.329215346000150705e-02 8.417098426469779996e-06 6.722416504233077788e-07
6.537579298019409180e-01 2.864771968865305676e-02 9.032906646876043952e-06 5.784603386351069597e-07
7.791646718978881836e-01 4.068963347717902829e-02 1.156917624684920615e-05 8.216130085030873467e-07
6.674815416336059570e-01 1.578178879920445754e-02 9.310457749063626566e-06 3.186689548861883140e-07
7.090940475463867188e-01 1.564619917517862460e-02 1.015204355187908856e-05 3.159311027750321007e-07
6.715423464775085449e-01 1.453115311247113288e-02 9.392584879590101985e-06 2.934158753838970980e-07
6.978968381881713867e-01 1.607803788191211267e-02 9.925587292629098522e-06 3.246508740953212028e-07
3.912020325660705566e-01 6.792556519855300623e-01 3.722884798580728842e-06 1.371566249382811873e-05
6.516901254653930664e-01 3.036152000159502221e-02 8.991086652274266359e-06 6.130657285283216449e-07
6.983472108840942383e-01 5.498887090995428079e-02 9.934695786783688119e-06 1.110345997288341527e-06
6.125729084014892578e-01 6.862617207806523401e-02 8.199966439623938198e-06 1.385713040023647679e-06
6.015536785125732422e-01 2.288784962559868574e-02 7.977109699106823521e-06 4.621559198757895801e-07
7.547502517700195312e-01 1.490292949641027542e+00 1.107541051674268305e-05 3.009228565777668837e-05
