-2.517253756523132324e-01 3.901777788996696472e-02
-5.640544891357421875e-01 4.027203470468521118e-02
-2.872104644775390625e-01 3.895625099539756775e-02
5.666390061378479004e-04 3.761756047606468201e-02
-1.441367715597152710e-02 3.755705431103706360e-02
-9.541162848472595215e-02 3.776968270540237427e-02
-2.268525511026382446e-01 3.868491575121879578e-02
-3.073087334632873535e-01 3.919548541307449341e-02
3.138267993927001953e-02 3.741763904690742493e-02
-3.273213207721710205e-01 3.897925093770027161e-02
-6.552555412054061890e-02 3.756217658519744873e-02
-8.009851574897766113e-01 4.164067283272743225e-02
-1.113553047180175781e-01 3.773030266165733337e-02
-1.003216952085494995e-01 3.774226084351539612e-02
-2.012254595756530762e-01 3.904329240322113037e-02
-4.069987535476684570e-01 3.971640020608901978e-02
-2.684466242790222168e-01 3.882482647895812988e-02
-3.248138427734375000e-01 3.912937268614768982e-02
-2.066228538751602173e-01 3.849346563220024109e-02
-1.224494203925132751e-01 3.786904364824295044e-02
-1.365973502397537231e-01 3.785536065697669983e-02
-1.381261944770812988e-01 3.807014971971511841e-02
-2.073699980974197388e-02 3.723782673478126526e-02
-3.931546956300735474e-02 3.780379891395568848e-02
-2.038541734218597412e-01 3.826111927628517151e-02
-3.922743797302246094e-01 3.956816717982292175e-02
-1.388240456581115723e-01 3.818554431200027466e-02
-2.426579445600509644e-01 3.829509764909744263e-02
-2.792609333992004395e-01 3.879947215318679810e-02
-1.714767813682556152e-01 3.821681067347526550e-02
-3.052095174789428711e-01 3.891012817621231079e-02
-3.629578351974487305e-01 3.907390311360359192e-02
-2.397063821554183960e-01 3.873065859079360962e-02
-1.904420852661132812e-01 3.839538246393203735e-02
-2.632741034030914307e-01 3.873277828097343445e-02
-3.496856093406677246e-01 3.851633146405220032e-02
-1.397497206926345825e-01 3.805064037442207336e-02
-2.424344718456268311e-01 3.824575245380401611e-02
-1.443274766206741333e-01 3.823412582278251648e-02
-7.405203580856323242e-01 4.090223461389541626e-02
-3.421866893768310547e-01 3.927192836999893188e-02
-1.989741325378417969e-01 3.854577615857124329e-02
-2.208139449357986450e-01 3.868707269430160522e-02
-3.877632021903991699e-01 3.960690647363662720e-02
-2.376690804958343506e-01 3.881909698247909546e-02
-2.680540382862091064e-01 3.861245885491371155e-02
-3.839746117591857910e-01 3.939083591103553772e-02
-4.524517655372619629e-01 3.953675925731658936e-02
-2.346646040678024292e-01 3.864252939820289612e-02
-1.065745800733566284e-01 3.822736814618110657e-02
-1.902928799390792847e-01 3.843549266457557678e-02
-3.095163702964782715e-01 3.964423015713691711e-02
-5.011036396026611328e-01 4.057912901043891907e-02
-1.726810783147811890e-01 3.831611946225166321e-02
-4.245977401733398438e-01 4.009910672903060913e-02
-5.268377065658569336e-01 4.105775430798530579e-02
-3.482601642608642578e-01 3.963446617126464844e-02
-4.146414995193481445e-01 3.972255438566207886e-02
-4.413075447082519531e-01 4.022477567195892334e-02
-2.468173354864120483e-01 3.922692313790321350e-02
-2.640785276889801025e-01 3.934056311845779419e-02
-5.597153306007385254e-01 4.094401001930236816e-02
-7.953509688377380371e-02 3.920180723071098328e-02
-4.346045553684234619e-01 4.011211171746253967e-02
-2.461369186639785767e-01 3.913312777876853943e-02
-2.656178176403045654e-01 3.923632949590682983e-02
-2.037625461816787720e-01 3.898750618100166321e-02
-1.518343240022659302e-01 3.815453872084617615e-02
-1.568951457738876343e-01 3.836756944656372070e-02
-5.984463691711425781e-01 4.099138081073760986e-02
-4.465392231941223145e-01 4.036887735128402710e-02
-4.943972229957580566e-01 4.035988822579383850e-02
-4.592660069465637207e-01 4.070517048239707947e-02
-3.593874573707580566e-01 3.986552357673645020e-02
-2.904534637928009033e-01 3.930787742137908936e-02
-3.241001665592193604e-01 3.943735361099243164e-02
-6.546740978956222534e-02 3.800402209162712097e-02
-2.359682023525238037e-01 3.913034498691558838e-02
-3.122926652431488037e-01 4.028530046343803406e-02
-2.717523574829101562e-01 3.910928219556808472e-02
-3.091441690921783447e-01 3.934379667043685913e-02
-8.151810616254806519e-02 3.816227987408638000e-02
-1.453237533569335938e-01 3.907141089439392090e-02
-2.151712924242019653e-01 3.922992944717407227e-02
-3.706679642200469971e-01 4.037554189562797546e-02
-1.377694159746170044e-01 3.677537664771080017e-02
-2.573108673095703125e-01 3.946099802851676941e-02
-3.310922980308532715e-01 3.959877416491508484e-02
-2.834283113479614258e-01 3.937786445021629333e-02
-2.144899070262908936e-01 3.921202197670936584e-02
-2.788015305995941162e-01 3.952517360448837280e-02
-3.082379698753356934e-01 3.953745961189270020e-02
-1.237572133541107178e-01 3.823411464691162109e-02
-3.507862091064453125e-01 3.935223817825317383e-02
-1.135053932666778564e-01 3.840492665767669678e-02
-1.879790872335433960e-01 3.854395821690559387e-02
-1.024205833673477173e-01 3.802994266152381897e-02
-5.076476931571960449e-01 4.027388617396354675e-02
-2.509596347808837891e-01 4.024446755647659302e-02
-4.330916106700897217e-01 4.044137895107269287e-02
-2.807145416736602783e-01 3.930812701582908630e-02
-1.191240623593330383e-01 3.838477283716201782e-02
-5.604183077812194824e-01 4.087678343057632446e-02
-3.542503714561462402e-01 3.949647769331932068e-02
-6.654955744743347168e-01 4.127052426338195801e-02
-8.690641820430755615e-02 3.824817389249801636e-02
-2.393545657396316528e-01 3.909266367554664612e-02
-1.760658025741577148e-01 3.856861218810081482e-02
-1.488874554634094238e-01 3.843389824032783508e-02
-3.033492863178253174e-01 3.968596458435058594e-02
-1.026318892836570740e-01 3.827169537544250488e-02
-2.601774930953979492e-01 3.927009180188179016e-02
-8.480274677276611328e-02 3.799730539321899414e-02
-1.802908778190612793e-01 3.857024759054183960e-02
-1.361393481492996216e-01 3.870758041739463806e-02
-3.386327922344207764e-01 3.947397321462631226e-02
-9.222878515720367432e-02 3.810824081301689148e-02
-1.141836941242218018e-01 3.807891905307769775e-02
-6.389106810092926025e-02 3.785946965217590332e-02
-3.582293391227722168e-01 3.973964974284172058e-02
-2.483853846788406372e-01 3.887833282351493835e-02
-1.168874502182006836e-01 3.848111256957054138e-02
-1.027300879359245300e-01 3.796765580773353577e-02
-2.086651325225830078e-01 3.904733806848526001e-02
-3.029537200927734375e-01 3.916811943054199219e-02
-6.912200152873992920e-02 3.830890730023384094e-02
-7.092686742544174194e-02 3.796450793743133545e-02
-2.460336834192276001e-01 3.882883116602897644e-02
-2.743437886238098145e-01 3.942048549652099609e-02
-1.215377524495124817e-01 3.827218711376190186e-02
-2.271100282669067383e-01 3.869559243321418762e-02
-1.589089334011077881e-01 3.825401142239570618e-02
-2.723660767078399658e-01 3.897274285554885864e-02
-2.983536422252655029e-01 3.944977000355720520e-02
-2.724216282367706299e-01 3.930338099598884583e-02
-2.779417932033538818e-01 3.916508331894874573e-02
-1.626314222812652588e-01 3.881658241152763367e-02
-8.008523285388946533e-02 3.817754611372947693e-02
-2.111255079507827759e-01 3.905436396598815918e-02
-1.093147993087768555e-01 3.806068375706672668e-02
-2.548145502805709839e-02 3.787611797451972961e-02
-2.620870769023895264e-01 3.865884989500045776e-02
-2.420456856489181519e-01 3.866288438439369202e-02
-7.157810777425765991e-02 3.809921443462371826e-02
-5.721392482519149780e-02 3.768293187022209167e-02
-2.975079417228698730e-01 3.913025185465812683e-02
-2.950799167156219482e-01 3.923507779836654663e-02
-2.769132852554321289e-01 3.899185359477996826e-02
-4.161042273044586182e-01 4.000249132513999939e-02
-2.606868445873260498e-01 3.887610509991645813e-02
-3.552668094635009766e-01 3.918345645070075989e-02
-3.700649440288543701e-01 3.971709683537483215e-02
-1.792282611131668091e-01 3.844957053661346436e-02
-1.855384409427642822e-01 3.837101906538009644e-02
-4.792906045913696289e-01 3.980316594243049622e-02
-2.830462157726287842e-01 3.936728835105895996e-02
-1.121693626046180725e-01 3.839747980237007141e-02
-3.533998131752014160e-01 3.975355252623558044e-02
-2.059678733348846436e-02 3.776952624320983887e-02
-1.091051250696182251e-01 3.811910003423690796e-02
-2.598273754119873047e-02 3.774878382682800293e-02
-4.436073303222656250e-01 4.008590802550315857e-02
-3.809512257575988770e-01 3.981309011578559875e-02
-1.378747820854187012e-01 3.810863569378852844e-02
-1.667628139257431030e-01 3.826699033379554749e-02
-3.420678675174713135e-01 3.966277465224266052e-02
-1.479744464159011841e-01 3.852504491806030273e-02
-2.024645358324050903e-01 3.849627077579498291e-02
-1.541097611188888550e-01 3.895637392997741699e-02
-1.428737640380859375e-01 3.784784674644470215e-02
-2.238096743822097778e-01 3.848475217819213867e-02
-3.897487372159957886e-02 3.787121549248695374e-02
-1.029797792434692383e-01 3.795039653778076172e-02
-2.612526118755340576e-01 3.905322402715682983e-02
-1.569698154926300049e-01 3.855162113904953003e-02
-1.187023818492889404e-01 3.822050616145133972e-02
-1.253923475742340088e-01 3.838693350553512573e-02
-1.172426193952560425e-01 3.812479972839355469e-02
-1.658305525779724121e-01 3.849169611930847168e-02
-2.355006337165832520e-01 3.909230604767799377e-02
-1.654944866895675659e-01 3.869110345840454102e-02
-1.270611435174942017e-01 3.821321576833724976e-02
