4.490646719932556152e-01 2.632931992411613464e-02
3.863011598587036133e-01 2.620145492255687714e-02
4.032479226589202881e-01 2.614766173064708710e-02
4.212748110294342041e-01 2.608281560242176056e-02
4.706335365772247314e-01 2.628817781805992126e-02
4.268509745597839355e-01 2.639697492122650146e-02
4.367012977600097656e-01 2.595153264701366425e-02
3.979817628860473633e-01 2.605257369577884674e-02
4.056147634983062744e-01 2.644699439406394958e-02
4.153833389282226562e-01 2.610028721392154694e-02
4.447053074836730957e-01 2.587712928652763367e-02
4.182190895080566406e-01 2.634277753531932831e-02
4.258460402488708496e-01 2.620966359972953796e-02
4.373733997344970703e-01 2.631706930696964264e-02
4.525247216224670410e-01 2.756365574896335602e-02
4.291075766086578369e-01 2.618838287889957428e-02
4.405382275581359863e-01 2.641939558088779449e-02
4.436887800693511963e-01 2.608110196888446808e-02
4.192230999469757080e-01 2.605733461678028107e-02
3.840049505233764648e-01 2.609168738126754761e-02
4.756588041782379150e-01 2.694282867014408112e-02
4.346400499343872070e-01 2.584496513009071350e-02
4.511731266975402832e-01 2.612291276454925537e-02
4.385198652744293213e-01 2.603605389595031738e-02
4.504143595695495605e-01 2.588587440550327301e-02
4.594849944114685059e-01 2.603887952864170074e-02
4.687395393848419189e-01 2.619114331901073456e-02
4.214701652526855469e-01 2.603629603981971741e-02
4.294912517070770264e-01 2.724018879234790802e-02
4.621893763542175293e-01 2.612790092825889587e-02
4.445246160030364990e-01 2.613847330212593079e-02
4.457166790962219238e-01 2.625044807791709900e-02
4.549738764762878418e-01 2.576046809554100037e-02
4.405202269554138184e-01 2.595639601349830627e-02
4.568650424480438232e-01 2.606815285980701447e-02
4.451302289962768555e-01 2.607236243784427643e-02
4.022256135940551758e-01 2.603685297071933746e-02
3.820542097091674805e-01 2.591284923255443573e-02
4.109084308147430420e-01 2.587376721203327179e-02
4.251076877117156982e-01 2.573428303003311157e-02
3.824465870857238770e-01 2.647484093904495239e-02
3.988705575466156006e-01 2.669294551014900208e-02
3.746857941150665283e-01 2.591542527079582214e-02
4.214761257171630859e-01 2.586108259856700897e-02
4.021798670291900635e-01 2.597558125853538513e-02
4.166979193687438965e-01 2.617635391652584076e-02
3.960375785827636719e-01 2.615659497678279877e-02
3.405412435531616211e-01 2.665909379720687866e-02
4.012182056903839111e-01 2.595550566911697388e-02
3.808969259262084961e-01 2.602804638445377350e-02
3.974380195140838623e-01 2.591919526457786560e-02
3.657530546188354492e-01 2.588737383484840393e-02
3.866363167762756348e-01 2.973956614732742310e-02
4.324721097946166992e-01 2.622635290026664734e-02
3.990043401718139648e-01 2.653003670275211334e-02
4.095871448516845703e-01 2.647812291979789734e-02
4.882526397705078125e-01 2.613834664225578308e-02
5.841530859470367432e-02 5.858227610588073730e-02
