2.451555430889129639e-02 5.244589596986770630e-02
6.012362241744995117e-02 5.219617486000061035e-02
8.913241326808929443e-02 5.174422636628150940e-02
4.935412108898162842e-02 5.212105438113212585e-02
4.012182354927062988e-03 5.234578251838684082e-02
-1.933455467224121094e-03 5.249190703034400940e-02
8.079630136489868164e-02 5.221111699938774109e-02
1.068558692932128906e-01 5.204748734831809998e-02
1.849672198295593262e-02 5.252476781606674194e-02
5.993312597274780273e-02 5.204638093709945679e-02
6.602557003498077393e-02 5.253833904862403870e-02
2.715423703193664551e-02 5.243128165602684021e-02
5.631861090660095215e-02 5.210094153881072998e-02
1.901285350322723389e-02 5.236752331256866455e-02
6.145627796649932861e-02 5.200222507119178772e-02
8.503749966621398926e-02 5.207077041268348694e-02
1.265454739332199097e-01 5.201244354248046875e-02
4.224969446659088135e-02 5.245466530323028564e-02
6.463047862052917480e-02 5.237050354480743408e-02
1.078824102878570557e-01 5.228633806109428406e-02
7.217368483543395996e-02 5.221984535455703735e-02
8.349718153476715088e-02 5.238313600420951843e-02
4.067915678024291992e-02 5.234138295054435730e-02
5.754807591438293457e-02 5.246095359325408936e-02
7.363055646419525146e-02 5.202879756689071655e-02
3.010690212249755859e-02 5.257126688957214355e-02
7.316240668296813965e-02 5.218248814344406128e-02
7.393591105937957764e-02 5.256346613168716431e-02
3.912925720214843750e-03 5.255501717329025269e-02
4.647475481033325195e-02 5.238832160830497742e-02
7.524345815181732178e-02 5.234439298510551453e-02
5.613350868225097656e-02 5.226113647222518921e-02
7.946078479290008545e-02 5.235096067190170288e-02
5.582121014595031738e-02 5.233796685934066772e-02
7.284992933273315430e-02 5.243089050054550171e-02
3.992836177349090576e-02 5.232984572649002075e-02
8.474643528461456299e-02 5.240754783153533936e-02
9.557290375232696533e-02 5.224320292472839355e-02
6.461833417415618896e-02 5.211331695318222046e-02
5.299279093742370605e-02 5.224598199129104614e-02
3.212590515613555908e-02 5.240575969219207764e-02
6.303569674491882324e-02 5.208947509527206421e-02
5.127951502799987793e-02 5.203557759523391724e-02
-1.645275950431823730e-02 5.256908759474754333e-02
7.590608298778533936e-02 5.247554928064346313e-02
5.493551492691040039e-02 5.232632532715797424e-02
6.981493532657623291e-02 5.202191323041915894e-02
7.862719893455505371e-02 5.226040631532669067e-02
5.438132584095001221e-02 5.230370163917541504e-02
6.166389584541320801e-02 5.218446627259254456e-02
6.137946248054504395e-02 5.250785127282142639e-02
3.066109120845794678e-02 5.295189842581748962e-02
1.049042046070098877e-01 5.212196707725524902e-02
5.164618790149688721e-02 5.231407657265663147e-02
1.056335419416427612e-01 5.202983319759368896e-02
1.686275005340576172e-02 5.242395401000976562e-02
6.705136597156524658e-02 5.243753269314765930e-02
1.002294123172760010e-01 5.192906409502029419e-02
9.892307221889495850e-02 5.185456201434135437e-02
8.155310153961181641e-02 5.194767564535140991e-02
6.829777359962463379e-02 5.209704488515853882e-02
7.496070861816406250e-02 5.186137557029724121e-02
9.112045168876647949e-02 5.209023505449295044e-02
7.344678044319152832e-02 5.181271210312843323e-02
4.386848211288452148e-02 5.220419913530349731e-02
7.372772693634033203e-02 5.192301049828529358e-02
6.322444975376129150e-02 5.190164595842361450e-02
4.812926054000854492e-02 5.205810442566871643e-02
4.129943251609802246e-02 5.215501785278320312e-02
1.035172194242477417e-01 5.186541751027107239e-02
1.179874241352081299e-01 5.250813439488410950e-02
