6.645360000000000156e-01 1.119123459470000061e-02 2.720279766070000181e-06 1.144458801670000054e-06
6.334610000000000518e-01 3.716269376950000203e-03 2.505947985769999866e-06 1.092535825769999917e-06
6.632799999999999807e-01 5.356714381640000078e-02 2.711620406940000023e-06 1.198057490799999930e-06
6.782850000000000268e-01 6.192942664390000372e-03 2.815112965940000182e-06 1.164651641360000080e-06
6.226289999999999880e-01 1.035538376500000010e-02 2.431233211490000084e-06 1.077341707079999968e-06
6.829840000000000355e-01 7.868669072010000404e-03 2.847523381220000138e-06 1.172652108860000101e-06
7.028879999999999573e-01 1.344450940640000078e-02 2.984809353369999807e-06 1.206884376339999988e-06
6.663040000000000074e-01 1.470625398439999974e-02 2.732478432170000145e-06 1.149161654310000049e-06
6.709939999999999793e-01 1.157319699470000032e-02 2.764827179880000105e-06 1.154949155320000002e-06
6.207529999999999992e-01 1.458503591640000069e-02 2.418294945749999793e-06 1.076687893060000024e-06
7.280849999999999822e-01 1.809765741849999887e-01 3.158604578120000015e-06 1.760774991929999993e-06
6.361940000000000373e-01 2.713899944029999831e-02 2.524797292930000116e-06 1.112405078839999959e-06
5.790760000000000352e-01 2.214180124040000114e-02 2.130829136359999821e-06 1.017333567779999912e-06
6.861190000000000344e-01 1.446539690019999977e-02 2.869145673110000106e-06 1.180634190039999976e-06
6.548840000000000217e-01 2.826704354050000104e-02 2.653708810089999880e-06 1.143125258860000013e-06
6.627739999999999743e-01 1.965812999489999907e-02 2.708127967309999952e-06 1.147059313290000045e-06
6.331200000000000161e-01 1.043059563919999932e-02 2.503593107110000074e-06 1.094052311569999968e-06
7.145139999999999825e-01 1.392649987820000074e-02 3.064999384969999869e-06 1.225761407219999928e-06
6.666870000000000296e-01 1.981286891480000048e-02 2.735117392729999952e-06 1.153401008209999898e-06
6.228219999999999867e-01 2.230926057950000096e-02 2.432562764139999975e-06 1.086205439649999963e-06
5.847890000000000033e-01 4.833359823870000266e-02 2.170233475459999855e-06 1.068073448360000036e-06
5.370489999999999986e-01 6.831599552200000314e-02 1.840950891920000051e-06 1.050766331230000054e-06
6.080590000000000162e-01 2.808897887289999937e-02 2.330734818200000010e-06 1.069442489110000095e-06
6.060759999999999481e-01 2.425089351589999886e-02 2.317063119589999908e-06 1.061868944970000055e-06
5.413510000000000266e-01 9.770888982530000211e-02 1.870628200829999907e-06 1.161157066910000001e-06
6.221079999999999943e-01 1.613808306410000060e-01 2.427638814830000211e-06 1.545597008199999959e-06
5.556849999999999845e-01 4.431174940410000096e-02 1.969490348120000091e-06 1.015812257509999990e-06
5.365529999999999466e-01 9.879667432529999627e-02 1.837532864490000067e-06 1.159399108750000042e-06
6.545140000000000402e-01 4.605894033039999863e-02 2.651157006350000177e-06 1.169664890700000002e-06
6.152149999999999563e-01 2.178440237869999976e-02 2.380096413059999892e-06 1.073712843729999980e-06
5.223900000000000210e-01 7.355965953910000021e-02 1.739847334289999963e-06 1.047236482869999924e-06
5.797250000000000458e-01 2.102604106270000023e-02 2.135308256980000180e-06 1.017227557860000058e-06
5.532299999999999995e-01 6.378394618230000257e-02 1.952560135509999883e-06 1.060288438160000102e-06
5.005880000000000329e-01 2.254067743610000119e-01 1.589466460789999970e-06 1.785572341570000064e-06
5.881309999999999594e-01 7.174590460020000005e-02 2.193284399209999882e-06 1.133524348780000081e-06
5.896730000000000027e-01 2.986763392439999859e-02 2.203918353689999986e-06 1.043103535900000063e-06
5.394889999999999963e-01 7.040940906419999867e-02 1.857785725370000103e-06 1.060709360370000013e-06
5.505659999999999998e-01 8.843717072380000155e-02 1.934181968529999809e-06 1.137582362989999924e-06
5.854329999999999812e-01 4.510813656849999714e-02 2.174675184429999970e-06 1.062336731140000063e-06
5.705529999999999768e-01 3.863057870139999933e-02 2.072043093480000191e-06 1.027402577579999914e-06
6.173619999999999663e-01 3.084552112069999935e-02 2.394906494870000017e-06 1.087542779600000055e-06
5.630819999999999714e-01 7.779406801480000244e-02 2.020510389299999866e-06 1.117365143799999924e-06
5.377129999999999965e-01 2.099400930520000097e-01 1.845529502879999922e-06 1.724791196630000050e-06
6.385279999999999845e-01 6.273127827020000269e-02 2.540894171220000105e-06 1.182080144030000055e-06
5.769779999999999909e-01 8.871321616489999395e-02 2.116359870610000185e-06 1.173998512700000104e-06
6.151790000000000314e-01 2.396083273920000117e-02 2.379850153930000028e-06 1.075853157989999991e-06
5.402810000000000112e-01 8.605358879169999753e-02 1.863243304659999994e-06 1.115137503440000066e-06
5.703930000000000389e-01 6.152910834730000028e-02 2.070940477460000006e-06 1.078804789909999954e-06
6.093389999999999640e-01 2.562645857809999969e-02 2.339566024269999807e-06 1.068512417950000029e-06
5.930630000000000068e-01 2.103773850740000076e-02 2.227302693400000054e-06 1.038157368190000086e-06
4.777620000000000200e-01 1.645006372620000101e-01 1.432027118089999918e-06 1.414459672790000104e-06
0.000000000000000000e+00 0.000000000000000000e+00 0.000000000000000000e+00 0.000000000000000000e+00
5.610289999999999999e-01 5.155829538799999723e-02 2.006350694710000002e-06 1.039819354809999915e-06
5.864200000000000523e-01 1.049276343440000009e-01 2.181484927800000016e-06 1.247943813959999989e-06
6.400599999999999623e-01 1.695210020939999854e-02 2.551460702490000100e-06 1.108921116379999975e-06
6.332149999999999723e-01 3.799627637039999783e-02 2.504249249980000096e-06 1.122758857540000034e-06
5.515330000000000510e-01 8.395910488419999762e-02 1.940858098840000204e-06 1.122682127800000098e-06
6.280510000000000259e-01 1.662811946899999879e-02 2.468629243630000081e-06 1.089647003420000070e-06
6.001619999999999733e-01 2.842902490739999954e-02 2.276269204750000041e-06 1.057541466970000005e-06
6.037979999999999459e-01 2.894742115799999946e-02 2.301346524600000117e-06 1.063878004890000103e-06
6.025260000000000060e-01 3.933740035990000022e-02 2.292576986099999893e-06 1.077620591590000069e-06
5.860290000000000221e-01 4.674317475559999768e-02 2.178789233080000158e-06 1.066584240999999991e-06
6.148430000000000284e-01 6.494783222399999612e-02 2.377526520170000106e-06 1.152881204829999973e-06
6.213480000000000114e-01 2.400856739870000159e-02 2.422399538710000067e-06 1.085603856480000063e-06
6.206589999999999607e-01 4.533512865860000324e-02 2.417646614110000197e-06 1.116384932580000085e-06
6.314920000000000533e-01 1.751331922399999852e-02 2.492363443979999869e-06 1.095754092510000095e-06
7.487470000000000514e-01 1.332339952440000086e-01 3.301116259520000135e-06 1.572513617520000020e-06
6.265129999999999866e-01 2.804697650469999831e-02 2.458020778410000157e-06 1.098280056760000103e-06
6.589660000000000517e-01 8.485030013170000163e-02 2.681864163549999902e-06 1.274758852639999969e-06
6.252419999999999645e-01 3.349774191310000288e-02 2.449258228890000051e-06 1.103520168820000101e-06
5.855139999999999789e-01 1.059877197100000057e+00 2.175233892550000158e-06 7.369154676109999950e-06
