-2.873205900192260742e+00 5.589830875396728516e-02
-2.304075717926025391e+00 5.316247791051864624e-02
-1.882709503173828125e+00 4.973430931568145752e-02
-2.657555103302001953e+00 5.450246483087539673e-02
-2.132007122039794922e+00 5.146485194563865662e-02
-2.213985919952392578e+00 5.265624448657035828e-02
-2.351168155670166016e+00 5.313131213188171387e-02
-4.222143173217773438e+00 6.789880990982055664e-02
-2.565826416015625000e+00 5.601429566740989685e-02
-3.107710123062133789e+00 6.053134799003601074e-02
-2.765032052993774414e+00 5.771908909082412720e-02
-3.216032981872558594e+00 6.114567443728446960e-02
-2.333477020263671875e+00 5.505367368459701538e-02
-2.400204420089721680e+00 5.499148368835449219e-02
-3.044554710388183594e+00 5.846765637397766113e-02
-2.028171777725219727e+00 5.231060460209846497e-02
-2.457082509994506836e+00 5.568557977676391602e-02
-3.184640884399414062e+00 6.269870698451995850e-02
-1.831122398376464844e+00 5.185379832983016968e-02
-2.623734235763549805e+00 5.780219659209251404e-02
-2.415463685989379883e+00 5.509053915739059448e-02
-2.384223699569702148e+00 5.476460233330726624e-02
-4.309353828430175781e+00 6.853713840246200562e-02
-2.547403812408447266e+00 5.589422211050987244e-02
-2.796198606491088867e+00 5.859973281621932983e-02
-2.532545566558837891e+00 5.728125944733619690e-02
-2.284975290298461914e+00 5.440101772546768188e-02
-4.376292228698730469e+00 6.962195038795471191e-02
-1.881786465644836426e+00 5.098798871040344238e-02
-2.766810655593872070e+00 5.808031558990478516e-02
-2.352656841278076172e+00 5.475310608744621277e-02
-2.503916740417480469e+00 5.585112795233726501e-02
-2.742046356201171875e+00 5.767479166388511658e-02
-1.864774465560913086e+00 5.204054340720176697e-02
-2.060964107513427734e+00 5.291065573692321777e-02
-2.699222087860107422e+00 5.753048509359359741e-02
-2.329508543014526367e+00 5.288157239556312561e-02
-2.145942687988281250e+00 5.323949083685874939e-02
-2.062561035156250000e+00 5.222400277853012085e-02
-2.394359827041625977e+00 5.533673614263534546e-02
-2.073659896850585938e+00 5.267830938100814819e-02
-2.717438220977783203e+00 5.720380693674087524e-02
-2.133481502532958984e+00 5.341370776295661926e-02
-2.123007297515869141e+00 5.344478785991668701e-02
-2.020089626312255859e+00 5.272644385695457458e-02
-2.450686454772949219e+00 5.520150065422058105e-02
-2.439485549926757812e+00 5.515547096729278564e-02
-1.973880290985107422e+00 5.151813849806785583e-02
-2.543642044067382812e+00 5.626292899250984192e-02
-2.916821479797363281e+00 5.875810235738754272e-02
-1.732606649398803711e+00 4.990297183394432068e-02
-1.942693948745727539e+00 5.168510600924491882e-02
-2.272070884704589844e+00 5.419111251831054688e-02
-3.110986709594726562e+00 5.977167934179306030e-02
-3.975454330444335938e+00 6.715563684701919556e-02
-1.876494407653808594e+00 5.067310482263565063e-02
-2.232307434082031250e+00 1.289542317390441895e-01
-2.675879001617431641e+00 5.708709359169006348e-02
-2.288514137268066406e+00 5.422397330403327942e-02
-2.440578937530517578e+00 5.497177690267562866e-02
-1.933092236518859863e+00 5.211095884442329407e-02
-2.149967670440673828e+00 5.325218662619590759e-02
-1.735412478446960449e+00 4.999384284019470215e-02
-2.284744501113891602e+00 5.438637733459472656e-02
-1.983694076538085938e+00 5.250184237957000732e-02
-2.150245189666748047e+00 5.324110388755798340e-02
-2.715327739715576172e+00 5.822907760739326477e-02
-1.812145948410034180e+00 5.020810663700103760e-02
-2.066854953765869141e+00 5.231422185897827148e-02
-2.051564693450927734e+00 5.229511484503746033e-02
-1.540734767913818359e+00 4.866455122828483582e-02
-2.211326599121093750e+00 5.236140638589859009e-02
-2.207586765289306641e+00 5.423976853489875793e-02
-1.826538920402526855e+00 4.866299033164978027e-02
-2.834202766418457031e+00 5.637571960687637329e-02
-2.283910989761352539e+00 5.432485044002532959e-02
-2.653221607208251953e+00 5.792044103145599365e-02
