3.264369999999999994e+00 5.938538913759999760e-02 1.824272833549999998e-05 5.432491028460000021e-06
2.538139999999999841e+00 1.885137398650000018e-01 1.380124933319999995e-05 4.372921391350000235e-06
2.241940000000000044e+00 7.996637398309999756e-02 1.198981682189999950e-05 3.760882204910000204e-06
2.376349999999999962e+00 2.856893016739999944e-02 1.281180632190000072e-05 3.955051558019999589e-06
2.240950000000000220e+00 6.739857899930000451e-02 1.198374963399999956e-05 3.750061276279999897e-06
2.326119999999999965e+00 1.485311243119999958e-01 1.250463980620000001e-05 3.973076218089999836e-06
2.654869999999999841e+00 3.366683564049999938e-02 1.451515656839999983e-05 4.416557546909999830e-06
4.114279999999999937e+00 2.756637802480000135e-02 2.344054260320000050e-05 6.829812707089999642e-06
2.590479999999999894e+00 8.143576793199999719e-02 1.412139884360000018e-05 4.333900435559999858e-06
2.930930000000000035e+00 1.667430765969999951e-01 1.620350871480000145e-05 4.973827631890000063e-06
2.730080000000000062e+00 5.910983237780000066e-02 1.497511386020000044e-05 4.550516113700000093e-06
2.715479999999999894e+00 6.987757255800000622e-02 1.488583098350000027e-05 4.532158628459999717e-06
2.331389999999999851e+00 2.213445402650000143e-02 1.253685087279999961e-05 3.879239322539999785e-06
1.959910000000000041e+00 4.411381007600000126e-02 1.026497114540000010e-05 3.274292740699999952e-06
2.930439999999999934e+00 5.446210911629999901e-02 1.620051084449999941e-05 4.879041639799999917e-06
2.312619999999999898e+00 3.624676776130000139e-02 1.242203943899999942e-05 3.852217209740000383e-06
2.586530000000000218e+00 1.636352274439999976e-01 1.409721174609999938e-05 4.413329900860000381e-06
3.396790000000000198e+00 9.340489812969999806e-01 1.905253388400000064e-05 8.020775187129999465e-06
2.193239999999999856e+00 1.731412607350000021e+00 1.169192533200000065e-05 1.118392833219999935e-05
2.901870000000000172e+00 9.854688517159999606e-01 1.602574637900000036e-05 7.710008153460000844e-06
2.750630000000000130e+00 2.949509013959999981e-01 1.510081736159999927e-05 4.912239147319999705e-06
2.576410000000000089e+00 1.523620914519999980e-01 1.403533401159999995e-05 4.381903850959999739e-06
4.597489999999999633e+00 1.030482546169999986e-01 2.639576907759999931e-05 7.654085547839999500e-06
2.715050000000000185e+00 5.662182287550000526e-01 1.488320201450000013e-05 5.683767728779999968e-06
3.126829999999999998e+00 1.720558394770000110e-01 1.740153700960000093e-05 5.297911443099999682e-06
3.222039999999999793e+00 1.276328113419999966e+00 1.798381061769999942e-05 9.453097860969999721e-06
2.531219999999999803e+00 2.496721652449999940e-01 1.375895836520000010e-05 4.474956827509999935e-06
4.642260000000000275e+00 2.480625248520000048e-01 2.666954637539999985e-05 7.849859352209999738e-06
2.267749999999999932e+00 9.820457770830000321e-02 1.214765702640000065e-05 3.819071791710000218e-06
2.974410000000000220e+00 4.033584286410000219e-01 1.646937285979999905e-05 5.520322066760000000e-06
2.469419999999999948e+00 1.896436858220000021e-01 1.338100799060000072e-05 4.265274493940000070e-06
2.668909999999999894e+00 6.845965323510000422e-01 1.460105226000000073e-05 6.094507366670000187e-06
3.238269999999999982e+00 2.891414091580000179e-01 1.808308590930000144e-05 5.659585901710000365e-06
2.106380000000000141e+00 7.036300207590000522e-01 1.116074674889999992e-05 5.544767397689999861e-06
2.422660000000000036e+00 3.164698453020000080e-01 1.309500153999999922e-05 4.467313514470000040e-06
2.466990000000000016e+00 2.757080244719999906e-01 1.336612216469999921e-05 4.433142595859999745e-06
2.062980000000000036e+00 6.080752875570000215e-02 1.089528941609999927e-05 3.453397697199999994e-06
2.352990000000000137e+00 1.820855473030000005e-01 1.266892776479999919e-05 4.067486225429999584e-06
2.270119999999999916e+00 1.067374490900000056e-01 1.216212874959999916e-05 3.831451973379999975e-06
2.670230000000000103e+00 2.159050525539999987e-01 1.460909081000000078e-05 4.628877894470000284e-06
2.260470000000000201e+00 1.166054111559999967e-01 1.210308849349999919e-05 3.826483240430000402e-06
2.839360000000000106e+00 1.595012645749999958e-01 1.564349021110000027e-05 4.816482334960000080e-06
2.370960000000000178e+00 1.197052491360000026e-01 1.277887494990000070e-05 4.009487140019999977e-06
3.060449999999999893e+00 1.476779732640000020e+01 1.699560991440000001e-05 9.031569238539999581e-05
2.322459999999999969e+00 1.652142648859999952e-01 1.248225638840000082e-05 3.991706519939999763e-06
2.773789999999999978e+00 6.655943208549999768e-02 1.524244340380000055e-05 4.626379976379999810e-06
2.624499999999999833e+00 7.453166632509999889e-02 1.432943733660000033e-05 4.385220329250000409e-06
2.292539999999999800e+00 9.681379069260000192e-02 1.229925944440000027e-05 3.858227859120000126e-06
2.758719999999999839e+00 9.093550858610000009e-02 1.515029971900000081e-05 4.617077654870000095e-06
3.389710000000000001e+00 3.250391536109999979e-01 1.900923827939999912e-05 5.967567295099999751e-06
2.116919999999999913e+00 4.192768711409999849e-02 1.122521408339999951e-05 3.531776980240000156e-06
2.219069999999999876e+00 5.507417248160000056e-02 1.184992155409999974e-05 3.706537476219999866e-06
2.566590000000000149e+00 8.596352185580000138e-02 1.397529640950000000e-05 4.297942699980000134e-06
3.303640000000000132e+00 9.156325642639999429e-02 1.848286562070000064e-05 5.513794481620000415e-06
3.512519999999999865e+00 9.305289736840000048e-02 1.976033747860000102e-05 5.858814796169999954e-06
2.173680000000000057e+00 1.015589427150000029e-01 1.157230214140000048e-05 3.669029735009999982e-06
0.000000000000000000e+00 0.000000000000000000e+00 0.000000000000000000e+00 0.000000000000000000e+00
2.944500000000000117e+00 2.883357771949999759e-01 1.628644590499999959e-05 5.198175693130000364e-06
2.459719999999999906e+00 1.563331122459999944e-01 1.332170819120000019e-05 4.198989573860000308e-06
2.610149999999999970e+00 1.435552552259999892e-01 1.424165193689999927e-05 4.425478502070000039e-06
2.298500000000000210e+00 3.826985398889999890e-01 1.233567277859999965e-05 4.480187905360000400e-06
2.553409999999999958e+00 1.179886539800000023e+00 1.389464844920000037e-05 8.361509743129999853e-06
2.202420000000000044e+00 4.705433050819999852e-01 1.174809165699999993e-05 4.655959922689999886e-06
2.917819999999999858e+00 7.214324422440000495e-01 1.612333172340000141e-05 6.549532084930000308e-06
2.572880000000000056e+00 1.204752315629999959e+00 1.401371755859999974e-05 8.508815456850000013e-06
2.604960000000000164e+00 6.391792409130000463e-01 1.420992496220000038e-05 5.828751987279999869e-06
2.827679999999999971e+00 2.859015396819999943e-01 1.557202833190000015e-05 5.011538138590000234e-06
2.264110000000000067e+00 1.250729260060000070e-01 1.212540629640000025e-05 3.842350331240000196e-06
2.205330000000000013e+00 7.886627405630000642e-02 1.176590390580000012e-05 3.700021745909999833e-06
2.480799999999999894e+00 1.471447057960000027e-01 1.345062098869999981e-05 4.220639766120000347e-06
2.105579999999999785e+00 1.923488576609999889e-01 1.115583146640000071e-05 3.695355641629999959e-06
2.392860000000000209e+00 2.106412578899999888e-01 1.291281092979999933e-05 4.181239988180000100e-06
2.399979999999999780e+00 2.129045648429999937e-01 1.295631795999999987e-05 4.196692499610000081e-06
2.179879999999999818e+00 4.030560413270000142e-01 1.161025523780000036e-05 4.382734221349999867e-06
3.086289999999999978e+00 3.570222858570000213e-01 1.715364550540000006e-05 5.569943423909999995e-06
2.418289999999999829e+00 2.215408310629999877e-01 1.306829483160000032e-05 4.242005058629999950e-06
2.733379999999999921e+00 1.757680385330000039e+00 1.499529553470000023e-05 1.165383161409999969e-05
