0.000000000000000000e+00 0.000000000000000000e+00
-2.278989999999999849e+00 4.854800000000000088e-02
-2.280920000000000059e+00 4.847180000000000238e-02
0.000000000000000000e+00 0.000000000000000000e+00
-2.794540000000000024e+00 5.184489999999999932e-02
-1.910809999999999897e+00 2.595980000000000162e-02
-1.958739999999999926e+00 2.492760000000000115e-02
-2.229220000000000201e+00 2.586849999999999913e-02
-2.730539999999999967e+00 2.647820000000000035e-02
-2.396100000000000119e+00 2.616620000000000057e-02
-2.025840000000000085e+00 2.482929999999999859e-02
-1.881469999999999976e+00 2.382799999999999849e-02
-2.333159999999999901e+00 2.591009999999999841e-02
-3.782509999999999817e+00 2.955059999999999978e-02
-2.970610000000000195e+00 2.843789999999999860e-02
-3.009360000000000035e+00 2.866909999999999945e-02
-3.053549999999999986e+00 2.822710000000000150e-02
-3.257029999999999870e+00 2.878910000000000149e-02
-3.314960000000000129e+00 2.913200000000000164e-02
-3.236540000000000195e+00 2.854889999999999858e-02
-2.638079999999999981e+00 2.732820000000000041e-02
-3.116260000000000030e+00 2.891439999999999982e-02
-3.003839999999999844e+00 2.859420000000000017e-02
-2.626599999999999824e+00 2.737150000000000000e-02
-3.871100000000000207e+00 3.109980000000000036e-02
-2.658640000000000114e+00 2.744600000000000165e-02
-2.337209999999999788e+00 2.617709999999999829e-02
-3.109529999999999905e+00 2.822459999999999899e-02
-2.618799999999999795e+00 2.725150000000000142e-02
-2.630380000000000162e+00 2.713389999999999899e-02
-2.689029999999999809e+00 2.729349999999999832e-02
-2.465829999999999966e+00 2.788500000000000006e-02
-2.433730000000000171e+00 2.768779999999999852e-02
-2.541389999999999816e+00 2.763080000000000050e-02
-2.480039999999999800e+00 2.746619999999999964e-02
-3.292279999999999873e+00 3.146539999999999754e-02
-3.299710000000000143e+00 3.158219999999999777e-02
-2.823150000000000048e+00 2.883480000000000071e-02
-2.855859999999999843e+00 2.887009999999999924e-02
-2.581350000000000033e+00 2.805919999999999942e-02
-2.607240000000000002e+00 2.802320000000000158e-02
-3.148610000000000131e+00 3.046839999999999965e-02
-3.138889999999999958e+00 3.040719999999999881e-02
-3.118180000000000174e+00 4.904909999999999826e-02
-3.145039999999999836e+00 4.922289999999999999e-02
0.000000000000000000e+00 0.000000000000000000e+00
0.000000000000000000e+00 0.000000000000000000e+00
-3.169350000000000112e+00 4.927150000000000279e-02
0.000000000000000000e+00 0.000000000000000000e+00
