3.053240000000000176e+00 3.709895689970000242e-04 4.241753244440000240e-05 5.070916663890000394e-06
0.000000000000000000e+00 0.000000000000000000e+00 0.000000000000000000e+00 0.000000000000000000e+00
0.000000000000000000e+00 0.000000000000000000e+00 0.000000000000000000e+00 0.000000000000000000e+00
3.434619999999999784e+00 1.128585061619999993e-03 4.812568269400000252e-05 5.702243546700000314e-06
0.000000000000000000e+00 0.000000000000000000e+00 0.000000000000000000e+00 0.000000000000000000e+00
2.819620000000000015e+00 2.477049301449999949e-02 3.892079600390000143e-05 4.698918138100000247e-06
2.638100000000000112e+00 1.797334034780000101e-03 3.620405015199999911e-05 4.384125320739999780e-06
2.789540000000000131e+00 2.628884958689999950e-03 3.847056838469999930e-05 4.634714292149999827e-06
3.125109999999999832e+00 1.871784393699999936e-03 4.349313567609999878e-05 5.189929293659999942e-06
2.926439999999999930e+00 2.656218886810000120e-03 4.051961648570000279e-05 4.861228358079999608e-06
2.713280000000000136e+00 3.614758217119999964e-03 3.732924094159999933e-05 4.508719527520000224e-06
2.627660000000000107e+00 1.999016110580000179e-03 3.604766164290000303e-05 4.366862891479999834e-06
2.952669999999999906e+00 2.640082487589999818e-03 4.091225958990000160e-05 4.904635743390000412e-06
4.079979999999999940e+00 2.379826963279999853e-03 5.778503278570000040e-05 6.771026935980000214e-06
3.202220000000000066e+00 9.828566148169999225e-03 4.464725610960000021e-05 5.319514780379999621e-06
3.241589999999999971e+00 4.712455589929999758e-03 4.523651873379999947e-05 5.383117133460000267e-06
3.342340000000000089e+00 3.251533374489999802e-03 4.674452504170000238e-05 5.549658697290000348e-06
3.541319999999999801e+00 2.985468010930000197e-03 4.972273321109999845e-05 5.879054965000000182e-06
3.621950000000000003e+00 3.233085306019999831e-03 5.092956718839999967e-05 6.012590067969999586e-06
3.477559999999999985e+00 3.038656678479999870e-03 4.876846533780000210e-05 5.773500585809999583e-06
3.122630000000000017e+00 4.408716671219999744e-03 4.345606276749999747e-05 5.186172712039999975e-06
3.568459999999999965e+00 3.734117304690000132e-03 5.012890084359999769e-05 5.924081366049999631e-06
3.439760000000000151e+00 3.805566207159999902e-03 4.820266188210000128e-05 5.711016917590000266e-06
2.961380000000000123e+00 2.773249881440000182e-03 4.104254468899999690e-05 4.919056330430000330e-06
3.626949999999999896e+00 4.265490649900000389e-03 5.100436246849999989e-05 6.021008103420000329e-06
3.016160000000000174e+00 2.463758941900000190e-03 4.186250578949999760e-05 5.009677825209999798e-06
2.797260000000000080e+00 3.385792727419999985e-03 3.858617276890000244e-05 4.647601879829999875e-06
3.286680000000000046e+00 2.946100788079999803e-03 4.591146049330000097e-05 5.457482516049999876e-06
3.060859999999999914e+00 4.143560183260000182e-03 4.253156669870000034e-05 5.083900182869999995e-06
2.792050000000000143e+00 4.279009474069999687e-03 3.850822295509999773e-05 4.639150739680000288e-06
2.828580000000000094e+00 4.146027208680000409e-03 3.905488866810000008e-05 4.699547281999999847e-06
2.883710000000000218e+00 7.157804235749999633e-03 3.988004903969999892e-05 4.791552702579999619e-06
2.867249999999999854e+00 7.541805990870000150e-03 3.963379914020000286e-05 4.764468643989999980e-06
2.894140000000000157e+00 2.466573303190000132e-03 4.003626269339999940e-05 4.807769864870000140e-06
2.851970000000000116e+00 2.891836399820000084e-03 3.940508116870000259e-05 4.738048156500000141e-06
3.317359999999999864e+00 1.406946600270000004e-03 4.637068424340000226e-05 5.508136908159999748e-06
3.117070000000000007e+00 9.576893128099999743e-04 4.337287442930000267e-05 5.176574737959999894e-06
3.141230000000000189e+00 1.156417923150000098e-03 4.373442539249999833e-05 5.216565654759999765e-06
3.158259999999999845e+00 1.248867008109999944e-03 4.398941806090000050e-05 5.244769185599999687e-06
2.902060000000000084e+00 4.107647156560000068e-03 4.015475040719999704e-05 4.821118681359999796e-06
2.928040000000000198e+00 3.808075583690000154e-03 4.054363233660000050e-05 4.864054352480000177e-06
3.280219999999999914e+00 4.805161485599999949e-03 4.581479758549999732e-05 5.447087155500000164e-06
3.286999999999999922e+00 4.169054455959999954e-03 4.591624938960000044e-05 5.458190163739999849e-06
0.000000000000000000e+00 0.000000000000000000e+00 0.000000000000000000e+00 0.000000000000000000e+00
0.000000000000000000e+00 0.000000000000000000e+00 0.000000000000000000e+00 0.000000000000000000e+00
3.056550000000000100e+00 1.647358454110000063e-03 4.246707718049999949e-05 5.076451772619999723e-06
3.019519999999999982e+00 1.736319491520000105e-03 4.191280704280000096e-05 5.015171517550000283e-06
0.000000000000000000e+00 0.000000000000000000e+00 0.000000000000000000e+00 0.000000000000000000e+00
3.015379999999999949e+00 1.797329012529999895e-03 4.185080475310000219e-05 5.008320760070000391e-06
