1.749781519174575806e-01 2.517100423574447632e-02
2.075621783733367920e-01 2.440363168716430664e-02
2.289884686470031738e-01 2.463412843644618988e-02
2.478998750448226929e-01 2.470254898071289062e-02
2.500463724136352539e-01 2.448176965117454529e-02
1.856716722249984741e-01 2.450896613299846649e-02
2.211522459983825684e-01 2.497613430023193359e-02
8.209471106529235840e-01 2.188075147569179535e-02
2.332445681095123291e-01 2.551283501088619232e-02
2.012637853622436523e-01 2.456467039883136749e-02
1.931398957967758179e-01 2.468585036695003510e-02
8.046721220016479492e-01 2.179384045302867889e-02
2.354506552219390869e-01 2.471336163580417633e-02
8.066698312759399414e-01 2.229650877416133881e-02
8.078798055648803711e-01 2.423720620572566986e-02
2.048880457878112793e-01 3.505827500000000000e+05
2.280321717262268066e-01 3.816140000000000000e+05
2.374378144741058350e-01 3.216699062500000000e+05
1.127195730805397034e-01 1.417865937500000000e+05
1.658886969089508057e-01 2.565970468750000000e+05
1.502070724964141846e-01 1.697351250000000000e+05
3.070876002311706543e-01 7.038505000000000000e+05
3.136005997657775879e-01 6.942348125000000000e+05
3.046037554740905762e-01 6.634977500000000000e+05
2.982639372348785400e-01 1.893643906250000000e+05
2.670758068561553955e-01 2.390913125000000000e+05
2.945742309093475342e-01 2.579083750000000000e+05
2.542594373226165771e-01 8.273898750000000000e+05
2.612952888011932373e-01 8.375835625000000000e+05
2.570631802082061768e-01 7.803258125000000000e+05
2.310847491025924683e-01 2.731545937500000000e+05
2.210712432861328125e-01 3.212724375000000000e+05
2.326443493366241455e-01 3.351144375000000000e+05
2.896694540977478027e-01 2.730947500000000000e+05
2.914951443672180176e-01 2.667483750000000000e+05
2.892840504646301270e-01 2.458287500000000000e+05
2.930836677551269531e-01 5.000214062500000000e+05
2.871015965938568115e-01 4.966699375000000000e+05
2.973674535751342773e-01 4.589006875000000000e+05
2.551127076148986816e-01 4.519851562500000000e+05
2.635425329208374023e-01 4.559874062500000000e+05
2.510292828083038330e-01 4.681612500000000000e+05
2.433651089668273926e-01 1.881876718750000000e+05
2.448170334100723267e-01 1.489790625000000000e+05
2.486890256404876709e-01 2.985652187500000000e+05
2.618157863616943359e-01 5.050595937500000000e+05
2.570667266845703125e-01 5.158283437500000000e+05
2.620872855186462402e-01 5.064348125000000000e+05
2.654059827327728271e-01 4.606229687500000000e+05
2.612600326538085938e-01 3.252217812500000000e+05
2.615644931793212891e-01 4.198010000000000000e+05
3.099715411663055420e-01 5.150400937500000000e+05
3.075801730155944824e-01 3.543860625000000000e+05
3.201123178005218506e-01 4.681355000000000000e+05
2.506596446037292480e-01 4.789030937500000000e+05
2.484458684921264648e-01 4.507284375000000000e+05
2.731057703495025635e-01 4.459463437500000000e+05
2.797320783138275146e-01 6.640245000000000000e+05
2.836662232875823975e-01 6.655280000000000000e+05
2.792908549308776855e-01 7.000506250000000000e+05
2.916309535503387451e-01 7.797514062500000000e+04
2.785005569458007812e-01 2.303250312500000000e+05
2.893417477607727051e-01 1.971097343750000000e+05
1.595473736524581909e-01 2.922638750000000000e+05
1.569727659225463867e-01 2.977325625000000000e+05
1.589256376028060913e-01 3.072192500000000000e+05
1.966696828603744507e-01 1.263498906250000000e+05
1.914174854755401611e-01 1.237415000000000000e+05
2.026718109846115112e-01 1.193846484375000000e+05
2.031020522117614746e-01 1.301300546875000000e+05
2.012594789266586304e-01 1.395651875000000000e+05
2.067613154649734497e-01 1.383073437500000000e+05
2.120531499385833740e-01 1.281930546875000000e+05
2.518208622932434082e-01 7.088019531250000000e+04
2.461604475975036621e-01 7.993018750000000000e+04
2.488541156053543091e-01 7.538836718750000000e+04
2.076999545097351074e-01 2.889080625000000000e+05
2.124494910240173340e-01 4.320910312500000000e+05
2.156320065259933472e-01 4.028085000000000000e+05
2.126460671424865723e-01 3.812223437500000000e+05
2.190113663673400879e-01 4.384697812500000000e+05
2.071119546890258789e-01 3.236710312500000000e+05
2.476128488779067993e-01 4.799603125000000000e+05
2.472997605800628662e-01 4.415972812500000000e+05
2.413250058889389038e-01 4.432682187500000000e+05
2.612520456314086914e-01 5.694616875000000000e+05
2.817400991916656494e-01 5.749548750000000000e+05
2.851540446281433105e-01 5.747871875000000000e+05
3.299678564071655273e-01 5.091667500000000000e+05
3.166671395301818848e-01 5.672060625000000000e+05
3.185127377510070801e-01 5.445500625000000000e+05
2.469543218612670898e-01 5.215229687500000000e+05
2.550890445709228516e-01 5.428375000000000000e+05
2.633980214595794678e-01 5.597346250000000000e+05
2.542878985404968262e-01 2.799162500000000000e+05
2.493080943822860718e-01 3.222329375000000000e+05
2.550072371959686279e-01 2.792405000000000000e+05
2.691907286643981934e-01 5.460848125000000000e+05
2.556701302528381348e-01 5.525923125000000000e+05
2.607385516166687012e-01 5.300778125000000000e+05
2.187764495611190796e-01 7.428050625000000000e+05
2.133216857910156250e-01 8.092675000000000000e+05
2.195630520582199097e-01 7.915243750000000000e+05
2.052658796310424805e-01 8.291261875000000000e+05
1.789209991693496704e-01 7.871039375000000000e+05
1.964156627655029297e-01 8.177773750000000000e+05
