4.545130000000000003e-01 2.516436410020000090e-03 3.259719913709999981e-06 3.526375108120000023e-08
4.714430000000000009e-01 2.175319934489999916e-03 3.497343802359999831e-06 3.048356015919999685e-08
5.055589999999999806e-01 5.431352089419999585e-03 3.976180558870000384e-06 7.611153906079999402e-08
4.796750000000000180e-01 5.390445597340000165e-03 3.612882999190000094e-06 7.553830130729999754e-08
4.873160000000000269e-01 1.815880740619999975e-03 3.720129897149999897e-06 2.544660623070000080e-08
5.111710000000000420e-01 2.882216112099999800e-03 4.054940666229999779e-06 4.038955688860000101e-08
5.179650000000000087e-01 3.251799176739999901e-03 4.150302939739999813e-06 4.556866061770000110e-08
5.096399999999999819e-01 8.936517832820000187e-03 4.033451966819999931e-06 1.252307187790000030e-07
5.099369999999999736e-01 2.037920658789999905e-03 4.037625723779999952e-06 2.855813345750000067e-08
5.026180000000000092e-01 2.064217820250000002e-03 3.934896422039999597e-06 2.892664527529999910e-08
4.812870000000000203e-01 1.468381511309999922e-03 3.635506535500000007e-06 2.057697142709999896e-08
4.892079999999999762e-01 4.033235966249999749e-03 3.746685415379999930e-06 5.651922242060000289e-08
4.783569999999999767e-01 2.264010285090000112e-03 3.594386788979999950e-06 3.172641073730000166e-08
4.601270000000000082e-01 4.694918688519999876e-03 3.338509720080000136e-06 6.579162633270000085e-08
4.664420000000000233e-01 2.562688854050000024e-03 3.427139938610000103e-06 3.591190363000000111e-08
5.661589999999999678e-01 1.071241721940000089e-03 4.826746884789999802e-06 1.501170515569999920e-08
4.841309999999999780e-01 2.437839683359999902e-03 3.675417825029999965e-06 3.416234617629999791e-08
5.359709999999999752e-01 2.683675904159999858e-03 4.403039024370000216e-06 3.760733976419999993e-08
4.763299999999999756e-01 3.452501605299999974e-03 3.565927605900000144e-06 4.838117773680000183e-08
4.735699999999999910e-01 1.863977170770000089e-03 3.527195492649999993e-06 2.612059923679999893e-08
5.072109999999999674e-01 3.078003219339999885e-03 3.999368376430000342e-06 4.313319379800000176e-08
4.780260000000000065e-01 2.645751887419999903e-03 3.589732828269999996e-06 3.707589653720000194e-08
5.008249999999999647e-01 1.598995853380000103e-03 3.909738430579999760e-06 2.240731835259999887e-08
5.088930000000000398e-01 1.345795687639999953e-03 4.022968633779999920e-06 1.885913108960000119e-08
5.574919999999999876e-01 3.114721464139999854e-03 4.705091364619999820e-06 4.364774009829999795e-08
4.896760000000000002e-01 2.692072512229999950e-03 3.753253498340000089e-06 3.772500452849999691e-08
4.730249999999999733e-01 2.574124754610000038e-03 3.519541513399999939e-06 3.607215912030000131e-08
5.014610000000000456e-01 1.067159474199999916e-02 3.918664866100000380e-06 1.495449911320000003e-07
5.239319999999999533e-01 3.600800321520000215e-03 4.234052481149999939e-06 5.045934231650000030e-08
4.770579999999999821e-01 1.542706165059999981e-03 3.576147830780000051e-06 2.161851019929999933e-08
4.993690000000000073e-01 2.046577184819999961e-03 3.889300908879999983e-06 2.867944054789999909e-08
4.923429999999999751e-01 3.587394957979999841e-03 3.790677181869999926e-06 5.027148801540000264e-08
4.891989999999999950e-01 2.445455541519999873e-03 3.746549050899999919e-06 3.426907000420000277e-08
4.644199999999999995e-01 2.428718486040000197e-03 3.398771525750000148e-06 3.403452747570000113e-08
4.761529999999999929e-01 1.057027441790000036e-02 3.563443346270000175e-06 1.481251520789999903e-07
5.083389999999999853e-01 3.278486371440000012e-03 4.015199204850000295e-06 4.594263811520000157e-08
4.848439999999999972e-01 2.134420322079999977e-03 3.685430156829999986e-06 2.991041881319999831e-08
4.755050000000000110e-01 3.397425871769999862e-03 3.554352102150000121e-06 4.760938117949999820e-08
4.746799999999999908e-01 6.833289900719999657e-03 3.542766559290000064e-06 9.575741042569999893e-08
4.481620000000000048e-01 3.020960544769999995e-03 3.170576864350000061e-06 4.233383377090000151e-08
4.249499999999999944e-01 5.132573513350000179e-03 2.844780791240000166e-06 7.192464473169999769e-08
4.300399999999999778e-01 5.232445217930000066e-03 2.916215281670000075e-06 7.332418374489999494e-08
5.102419999999999733e-01 4.919381677129999741e-02 4.041910747460000218e-06 6.893710893899999800e-07
4.794280000000000208e-01 3.331431769619999823e-03 3.609413234300000069e-06 4.668458149779999876e-08
4.802440000000000042e-01 2.501107950739999905e-02 3.620861157790000049e-06 3.504894773039999850e-07
5.106380000000000363e-01 6.632198061440000396e-03 4.047464881060000192e-06 9.293943635060000231e-08
4.335640000000000049e-01 5.936939263570000236e-01 2.965679195750000091e-06 8.319651851350000029e-06
4.678100000000000036e-01 2.796329314630000180e-03 3.446344323849999991e-06 3.918599353409999852e-08
4.677629999999999844e-01 2.902409604670000160e-03 3.445688017510000171e-06 4.067253574409999835e-08
4.551720000000000210e-01 1.717925533190000102e-03 3.268969273700000083e-06 2.407392379840000099e-08
4.601720000000000255e-01 2.341500194629999882e-03 3.339136327410000043e-06 3.281230540580000286e-08
4.605179999999999829e-01 1.988941995239999934e-03 3.344001109280000061e-06 2.787177738949999914e-08
4.909560000000000035e-01 2.254430746950000092e-03 3.771217636099999880e-06 3.159216913790000142e-08
4.589849999999999763e-01 1.726181271370000065e-03 3.322487312110000024e-06 2.418961450090000039e-08
4.519870000000000276e-01 2.920233663229999943e-03 3.224253436920000024e-06 4.092231084750000021e-08
5.061309999999999976e-01 2.780249543020000061e-02 3.984211004470000380e-06 3.896066176680000033e-07
4.555640000000000245e-01 2.334350785869999945e-03 3.274464845860000181e-06 3.271211810529999926e-08
4.535919999999999952e-01 1.820936205160000095e-03 3.246791640859999902e-06 2.551745031890000074e-08
5.022459999999999702e-01 2.268015378720000114e-02 3.929674415439999613e-06 3.178253559080000158e-07
4.643289999999999917e-01 1.392772856889999949e-03 3.397494886519999833e-06 1.951743947999999848e-08
4.859629999999999783e-01 7.978195177069999366e-02 3.701134659879999961e-06 1.118013901249999928e-06
4.294109999999999872e-01 1.252731265999999961e-02 2.907394675019999885e-06 1.755498504149999995e-07
0.000000000000000000e+00 0.000000000000000000e+00 0.000000000000000000e+00 0.000000000000000000e+00
