2.415960000000000052e-01 3.010590000000000141e-02
2.398919999999999941e-01 3.028569999999999873e-02
2.546289999999999942e-01 3.022839999999999902e-02
2.426429999999999976e-01 3.062170000000000170e-02
2.228229999999999933e-01 3.018919999999999937e-02
2.070829999999999893e-01 3.038909999999999875e-02
2.649469999999999881e-01 3.012590000000000059e-02
2.053349999999999898e-01 3.078149999999999983e-02
2.403220000000000078e-01 3.013669999999999891e-02
2.227590000000000126e-01 3.057129999999999917e-02
2.106669999999999932e-01 3.021029999999999896e-02
2.518500000000000183e-01 3.030139999999999917e-02
2.285689999999999944e-01 3.018730000000000024e-02
2.655460000000000043e-01 3.003499999999999920e-02
2.627979999999999761e-01 2.998730000000000145e-02
9.720220000000000249e-02 3.063410000000000091e-02
2.513210000000000166e-01 3.028859999999999886e-02
1.984309999999999963e-01 3.036209999999999951e-02
2.437229999999999952e-01 3.018819999999999837e-02
2.054920000000000080e-01 3.039089999999999847e-02
2.192910000000000137e-01 3.034749999999999948e-02
2.264009999999999911e-01 3.015179999999999944e-02
2.358210000000000028e-01 3.018159999999999940e-02
1.783210000000000073e-01 3.040599999999999900e-02
1.942250000000000087e-01 3.031239999999999976e-02
2.476770000000000083e-01 3.016790000000000097e-02
2.528159999999999852e-01 3.003240000000000076e-02
2.622149999999999759e-01 3.026869999999999908e-02
2.214470000000000049e-01 3.045990000000000156e-02
2.408510000000000095e-01 3.010120000000000157e-02
2.545220000000000260e-01 3.095550000000000038e-02
2.632050000000000223e-01 3.016790000000000097e-02
2.348580000000000112e-01 3.028190000000000048e-02
2.178319999999999979e-01 3.020269999999999899e-02
2.666740000000000221e-01 3.023939999999999961e-02
2.651740000000000208e-01 3.013319999999999887e-02
2.534640000000000226e-01 3.017169999999999921e-02
2.573500000000000232e-01 3.020880000000000093e-02
2.556840000000000224e-01 3.022499999999999840e-02
2.370389999999999997e-01 3.020950000000000024e-02
2.670029999999999903e-01 3.020439999999999930e-02
2.475179999999999880e-01 3.013220000000000134e-02
2.688369999999999926e-01 3.082239999999999980e-02
2.347200000000000120e-01 3.019729999999999984e-02
2.767310000000000048e-01 3.060679999999999998e-02
2.083790000000000087e-01 3.043260000000000062e-02
2.492419999999999913e-01 3.020050000000000165e-02
2.293520000000000003e-01 3.011020000000000016e-02
2.412130000000000107e-01 3.022110000000000074e-02
2.309920000000000029e-01 3.019689999999999874e-02
2.370950000000000002e-01 3.017430000000000112e-02
2.371409999999999907e-01 3.015570000000000056e-02
1.729539999999999966e-01 3.050260000000000124e-02
2.203029999999999988e-01 3.014850000000000169e-02
2.475999999999999868e-01 3.023609999999999839e-02
2.308939999999999881e-01 3.059900000000000120e-02
2.364989999999999870e-01 3.021099999999999827e-02
2.190580000000000027e-01 3.041510000000000047e-02
2.386679999999999913e-01 3.067939999999999903e-02
2.199299999999999866e-01 3.009710000000000163e-02
2.295560000000000100e-01 3.087550000000000017e-02
2.655730000000000035e-01 3.026399999999999924e-02
0.000000000000000000e+00 0.000000000000000000e+00
