6.036927103996276855e-01 9.101213875237105372e-03 2.901978660629388684e-06 7.554668749943083299e-08
6.644940376281738281e-01 1.374266221012013234e-02 3.407477505576760422e-06 1.140740808457416375e-07
5.839049816131591797e-01 8.986505807941110383e-03 2.737464586650499402e-06 7.459452720164323938e-08
6.578784584999084473e-01 7.724038224236430550e-03 3.352475949518194411e-06 6.411512903215299363e-08
6.164529919624328613e-01 1.309245879204942904e-02 3.008066930165926710e-06 1.086769200813189368e-07
6.387921571731567383e-01 5.871895722032299640e-03 3.193793504335308546e-06 4.874100062065206254e-08
6.239016652107238770e-01 9.190394359049678177e-03 3.069994784293980962e-06 7.628695030766649768e-08
6.527008414268493652e-01 1.729575483399357211e-02 3.309429529821252117e-06 1.435673310640051321e-07
6.136628985404968262e-01 1.397744601683632501e-02 2.984870249001674977e-06 1.160229570197402176e-07
6.294897198677062988e-01 1.271880378080373838e-02 3.116453559182059492e-06 1.055753120151708077e-07
6.399448513984680176e-01 1.911741927338224054e-02 3.203376939862662818e-06 1.586884694108101376e-07
7.272967100143432617e-01 2.839223814071333840e-01 3.929615422591042513e-06 2.356762044744291231e-06
6.270395517349243164e-01 7.229533164910456611e-03 3.096082997921241014e-06 6.001037776535413960e-08
6.175953745841979980e-01 1.417544650191307487e-02 3.017564635596263610e-06 1.176665048998233408e-07
5.866650342941284180e-01 1.361013958412226124e-02 2.760411510769103274e-06 1.129740467678583270e-07
6.445314288139343262e-01 1.442089615748174541e-02 3.241509488796420521e-06 1.197039153683918676e-07
6.663721799850463867e-01 1.939047732352710066e-02 3.423092276426698174e-06 1.609550496127790705e-07
6.082398891448974609e-01 7.537358269934345788e-03 2.939783651215579930e-06 6.256554978224220371e-08
5.921969413757324219e-01 4.424803645931762314e-02 2.806403477845672768e-06 3.672908502843423049e-07
5.765811204910278320e-01 8.202303641295724188e-03 2.676574413581149052e-06 6.808507946949749759e-08
5.488229990005493164e-01 3.622197267071494003e-02 2.445794939004847049e-06 3.006686896363190101e-07
6.536112427711486816e-01 1.121216172306861020e-02 3.316998555843528893e-06 9.306908831034113191e-08
6.069169044494628906e-01 5.065453926319711184e-03 2.928784430213192979e-06 4.204694780941741072e-08
5.953823328018188477e-01 9.382827725285716736e-03 2.832886644578848188e-06 7.788428705667447816e-08
5.929071307182312012e-01 8.286411579456776436e-03 2.812307952446656352e-06 6.878323646345220801e-08
6.057908535003662109e-01 3.415807491927648487e-02 2.919422505398942943e-06 2.835368388089329034e-07
5.741400122642517090e-01 4.723817426521402518e-02 2.656279175873780803e-06 3.921111665079739465e-07
5.886536240577697754e-01 2.664127677774803110e-02 2.776944535201551830e-06 2.211419530300775286e-07
6.298289299011230469e-01 2.931259805651674835e-02 3.119273732489167817e-06 2.433158604477254708e-07
6.573911905288696289e-01 1.826949980885178015e-01 3.348424830771820723e-06 1.516501218134794684e-06
