2.263539284467697144e-01 4.475786164402961731e-02
2.351600229740142822e-01 4.459566250443458557e-02
2.314534187316894531e-01 4.459519311785697937e-02
1.966491937637329102e-01 4.476094618439674377e-02
2.334115058183670044e-01 4.450860247015953064e-02
1.655560731887817383e-01 4.491240903735160828e-02
1.711759567260742188e-01 4.495596140623092651e-02
1.614055335521697998e-01 4.505713284015655518e-02
2.393620014190673828e-01 4.478446021676063538e-02
2.337093204259872437e-01 4.478777572512626648e-02
2.340824306011199951e-01 4.488163068890571594e-02
2.653448879718780518e-01 4.607355594635009766e-02
2.418630421161651611e-01 4.451569914817810059e-02
2.134645730257034302e-01 4.470403119921684265e-02
2.105969786643981934e-01 4.482306540012359619e-02
2.408096641302108765e-01 4.485629871487617493e-02
2.302649319171905518e-01 4.483599960803985596e-02
2.222312241792678833e-01 4.485658928751945496e-02
2.503941655158996582e-01 4.492062702775001526e-02
2.649899125099182129e-01 4.436388984322547913e-02
2.659637331962585449e-01 4.450875148177146912e-02
2.171424478292465210e-01 4.488040506839752197e-02
2.424143552780151367e-01 4.462372511625289917e-02
2.516047656536102295e-01 4.452997446060180664e-02
2.227112948894500732e-01 4.453314095735549927e-02
2.459878921508789062e-01 4.494583606719970703e-02
2.528668344020843506e-01 4.528744146227836609e-02
2.078711837530136108e-01 4.460953176021575928e-02
2.555783092975616455e-01 4.432297497987747192e-02
2.393253147602081299e-01 4.503251612186431885e-02
