1.250616908073425293e-01 5.339310690760612488e-02
9.090112149715423584e-02 5.362924560904502869e-02
2.962830662727355957e-02 5.412489175796508789e-02
4.568883776664733887e-02 5.393330752849578857e-02
6.402401626110076904e-02 5.361742526292800903e-02
6.285576522350311279e-02 5.418840050697326660e-02
1.465335488319396973e-03 5.458810552954673767e-02
4.242014884948730469e-02 5.405738577246665955e-02
6.054066121578216553e-02 5.432615801692008972e-02
2.788053452968597412e-02 5.446149781346321106e-02
6.086236238479614258e-02 5.358408764004707336e-02
6.015181541442871094e-02 5.447210371494293213e-02
4.110857844352722168e-02 5.387352034449577332e-02
4.911123216152191162e-02 5.424863845109939575e-02
8.152949810028076172e-02 5.355807021260261536e-02
3.894761204719543457e-02 5.432831868529319763e-02
4.547934234142303467e-02 5.417006462812423706e-02
8.092859387397766113e-02 5.385579541325569153e-02
8.003327250480651855e-02 5.416375398635864258e-02
1.037915199995040894e-01 5.338101834058761597e-02
9.064850211143493652e-02 5.363856256008148193e-02
8.098727464675903320e-02 5.354641377925872803e-02
1.131123602390289307e-01 5.355665087699890137e-02
6.809997558593750000e-02 5.376927182078361511e-02
7.109576463699340820e-02 5.419306457042694092e-02
9.969669580459594727e-02 5.366136133670806885e-02
6.750766932964324951e-02 5.369527265429496765e-02
9.965965151786804199e-02 5.353333801031112671e-02
1.158558726310729980e-01 5.357930436730384827e-02
7.979623973369598389e-02 5.374585092067718506e-02
1.006125509738922119e-01 5.381980165839195251e-02
6.038886308670043945e-02 5.385398119688034058e-02
1.056591123342514038e-01 5.356027930974960327e-02
8.689492940902709961e-02 5.389234796166419983e-02
4.346404969692230225e-02 5.435380339622497559e-02
9.506435692310333252e-02 5.380402505397796631e-02
9.942372143268585205e-02 5.366079136729240417e-02
1.177110970020294189e-01 5.345980450510978699e-02
7.648052275180816650e-02 5.380473285913467407e-02
9.772129356861114502e-02 5.424335226416587830e-02
4.902076721191406250e-02 5.416021496057510376e-02
8.570231497287750244e-02 5.400560051202774048e-02
9.294098615646362305e-02 5.405979230999946594e-02
5.044604837894439697e-02 5.446344986557960510e-02
-4.841983318328857422e-04 5.454409494996070862e-02
3.225365281105041504e-02 5.430675670504570007e-02
2.348257601261138916e-02 5.409213900566101074e-02
6.646643579006195068e-02 5.457747727632522583e-02
-1.293679773807525635e-01 5.508835241198539734e-02
4.855635762214660645e-02 5.443527922034263611e-02
9.711410105228424072e-02 5.395697802305221558e-02
2.647262811660766602e-02 5.425966903567314148e-02
2.886867523193359375e-02 5.442626774311065674e-02
4.547339677810668945e-02 5.414383113384246826e-02
5.941256880760192871e-02 5.449781939387321472e-02
6.409348547458648682e-02 5.401841178536415100e-02
1.023144274950027466e-01 5.415033176541328430e-02
8.454243838787078857e-02 5.389824882149696350e-02
9.107303619384765625e-02 5.366903916001319885e-02
6.031961739063262939e-02 5.391508340835571289e-02
7.444185018539428711e-02 5.399630591273307800e-02
4.737675189971923828e-03 5.437445268034934998e-02
7.006709277629852295e-02 5.396033450961112976e-02
4.893331229686737061e-02 5.436523631215095520e-02
1.067937761545181274e-01 5.455826967954635620e-02
7.381860911846160889e-02 5.415775254368782043e-02
1.045973151922225952e-01 5.381169542670249939e-02
6.267949938774108887e-02 5.389198660850524902e-02
1.417473852634429932e-01 5.332614853978157043e-02
1.009161621332168579e-01 5.373818427324295044e-02
6.176261603832244873e-02 5.395362153649330139e-02
7.366363704204559326e-02 5.370820313692092896e-02
3.391924500465393066e-02 5.419340357184410095e-02
8.883428573608398438e-02 5.400937050580978394e-02
9.445914626121520996e-02 5.407720431685447693e-02
5.770510435104370117e-02 5.429300293326377869e-02
4.231271147727966309e-02 5.406630039215087891e-02
7.630576193332672119e-02 5.393233522772789001e-02
4.446594417095184326e-02 5.421565100550651550e-02
7.478357851505279541e-02 5.400535464286804199e-02
1.598340272903442383e-02 5.395906418561935425e-02
6.422422826290130615e-02 5.418805405497550964e-02
8.421272039413452148e-02 5.395050346851348877e-02
1.621915400028228760e-02 5.440206080675125122e-02
6.948035955429077148e-02 5.387783423066139221e-02
6.357412040233612061e-02 5.387061834335327148e-02
4.481711983680725098e-02 5.433185398578643799e-02
6.065204739570617676e-02 5.402303859591484070e-02
7.310694456100463867e-02 5.432604253292083740e-02
6.038314104080200195e-02 5.393303930759429932e-02
8.987304568290710449e-02 5.391998216509819031e-02
4.951152205467224121e-02 5.410857498645782471e-02
2.195647358894348145e-02 5.446182563900947571e-02
5.129140615463256836e-02 5.437864735722541809e-02
8.358392119407653809e-02 5.396931245923042297e-02
4.626119136810302734e-02 5.420194938778877258e-02
8.075356483459472656e-02 5.387266352772712708e-02
5.149590969085693359e-02 5.419335514307022095e-02
1.142589747905731201e-02 5.425628274679183960e-02
9.354019165039062500e-02 5.368878319859504700e-02
7.308013737201690674e-02 5.388738960027694702e-02
6.031875312328338623e-02 5.384948104619979858e-02
1.003839522600173950e-01 5.378373339772224426e-02
9.966506063938140869e-02 5.372254922986030579e-02
1.022947281599044800e-01 5.358230695128440857e-02
5.928456783294677734e-02 5.385965108871459961e-02
7.981178164482116699e-02 5.401588976383209229e-02
9.548941254615783691e-02 5.389178916811943054e-02
1.094190329313278198e-01 5.361929908394813538e-02
6.718702614307403564e-02 5.515507981181144714e-02
5.928656458854675293e-02 5.401455238461494446e-02
3.257884085178375244e-02 5.432100966572761536e-02
4.800032079219818115e-02 5.405095219612121582e-02
7.965990900993347168e-02 5.386383086442947388e-02
5.699330568313598633e-02 5.407197400927543640e-02
7.131861150264739990e-02 5.414511635899543762e-02
7.177209854125976562e-02 5.386878550052642822e-02
7.047419250011444092e-02 5.405519902706146240e-02
1.049055755138397217e-01 5.362901464104652405e-02
4.620514810085296631e-02 5.443240329623222351e-02
9.045177698135375977e-02 5.347066000103950500e-02
8.189809322357177734e-02 5.377798154950141907e-02
7.450468838214874268e-02 5.390708148479461670e-02
6.525254249572753906e-02 5.391009524464607239e-02
9.929259121417999268e-02 5.380693078041076660e-02
7.508179545402526855e-02 5.384627729654312134e-02
9.626165032386779785e-02 5.592021718621253967e-02
7.167086005210876465e-02 5.306779593229293823e-02
9.683191776275634766e-02 5.319134518504142761e-02
1.032932996749877930e-01 5.327709391713142395e-02
4.891209304332733154e-02 5.334388837218284607e-02
8.073092997074127197e-02 5.279054120182991028e-02
7.002544403076171875e-02 5.399248003959655762e-02
4.965923726558685303e-02 5.403554439544677734e-02
3.330743312835693359e-02 5.420032888650894165e-02
4.193271696567535400e-02 5.428674817085266113e-02
5.748692154884338379e-02 5.400538817048072815e-02
1.985025405883789062e-02 5.322599783539772034e-02
6.157211959362030029e-02 5.299453809857368469e-02
-7.819056510925292969e-03 5.453488975763320923e-02
8.548308908939361572e-02 5.304862931370735168e-02
9.603637456893920898e-02 5.373685434460639954e-02
-2.200348675251007080e-02 5.464560911059379578e-02
-3.438436388969421387e-01 5.656140297651290894e-02
6.358063220977783203e-02 5.322222784161567688e-02
3.748564422130584717e-02 5.448128283023834229e-02
3.230617940425872803e-02 5.417136102914810181e-02
7.201883196830749512e-02 5.413673073053359985e-02
5.590827763080596924e-02 5.412590131163597107e-02
8.686107397079467773e-02 5.315086618065834045e-02
6.052756309509277344e-02 5.326799303293228149e-02
5.630981922149658203e-02 5.321156606078147888e-02
1.857988536357879639e-02 5.432518199086189270e-02
8.752115070819854736e-02 5.298534035682678223e-02
-1.935838162899017334e-02 5.524156615138053894e-02
3.868849575519561768e-02 5.481617152690887451e-02
-2.552643418312072754e-03 5.385424569249153137e-02
8.948758244514465332e-03 5.482491105794906616e-02
6.492654979228973389e-02 5.487829446792602539e-02
-5.718648433685302734e-02 5.492027103900909424e-02
4.978787899017333984e-02 5.467569455504417419e-02
5.658863484859466553e-02 5.388927459716796875e-02
4.753009974956512451e-02 5.376572161912918091e-02
-1.042903661727905273e-01 5.490908399224281311e-02
2.629819512367248535e-02 5.479503422975540161e-02
-5.740845203399658203e-02 5.508108064532279968e-02
1.325508952140808105e-02 5.472504347562789917e-02
3.768856823444366455e-02 5.479248613119125366e-02
1.669637858867645264e-02 5.474233254790306091e-02
-1.133814454078674316e-03 5.488873273134231567e-02
2.668829262256622314e-02 5.435768514871597290e-02
1.371267437934875488e-02 5.443586036562919617e-02
4.245732724666595459e-02 5.369189009070396423e-02
4.115587472915649414e-02 5.412175878882408142e-02
1.049652695655822754e-02 5.443932488560676575e-02
-7.234609127044677734e-02 5.527176335453987122e-02
-5.615636706352233887e-02 5.520454794168472290e-02
3.260765969753265381e-02 5.463179573416709900e-02
2.503244578838348389e-02 5.466027185320854187e-02
2.716571092605590820e-02 5.374570935964584351e-02
6.663866341114044189e-02 5.343895405530929565e-02
-2.432852983474731445e-02 5.497813597321510315e-02
6.303910911083221436e-02 5.406505614519119263e-02
-5.440399050712585449e-02 5.498470366001129150e-02
4.222199320793151855e-02 5.401531234383583069e-02
1.575894653797149658e-02 5.456422641873359680e-02
-8.309532701969146729e-02 5.556506663560867310e-02
-3.737887740135192871e-02 5.497571080923080444e-02
5.582928657531738281e-03 5.456097796559333801e-02
-2.018491923809051514e-02 5.534991249442100525e-02
1.277905702590942383e-02 5.498149245977401733e-02
5.569010972976684570e-03 5.510885268449783325e-02
3.646931052207946777e-02 5.415049940347671509e-02
-1.663586497306823730e-02 5.484022945165634155e-02
1.668040454387664795e-02 5.502284690737724304e-02
-2.017439603805541992e-01 5.635669827461242676e-02
-5.955885350704193115e-02 5.550953000783920288e-02
-1.927371472120285034e-01 5.610812827944755554e-02
-1.264146566390991211e-01 5.567418783903121948e-02
3.876988589763641357e-02 5.358878895640373230e-02
