3.433015621460000055e+00 1.703096510189999920e-04 2.232878102619999971e-05 5.699566199379999651e-06
3.339914638429999805e+00 1.815652356209999929e-04 2.167193706389999904e-05 5.545432157909999639e-06
3.913459841809999951e+00 4.312424610859999768e-04 2.571840028780000059e-05 6.495136012489999723e-06
0.000000000000000000e+00 0.000000000000000000e+00 0.000000000000000000e+00 0.000000000000000000e+00
3.868896134429999911e+00 4.808798441729999779e-04 2.540399542140000158e-05 6.421332892630000372e-06
2.858957846900000099e+00 1.393245103789999910e-04 1.827870152149999923e-05 4.749407830420000049e-06
3.321608776020000153e+00 3.434651114649999826e-04 2.154278595500000063e-05 5.515127574120000224e-06
2.638389425390000209e+00 2.278571040960000055e-04 1.672255215319999990e-05 4.384514325680000052e-06
4.437043064430000072e+00 4.321007979380000032e-04 2.941237286829999966e-05 7.362377762090000244e-06
2.801213844459999880e+00 1.785051499019999920e-04 1.787130733379999945e-05 4.653868069170000074e-06
3.165322968339999932e+00 1.992737021919999954e-04 2.044016183839999885e-05 5.256420385349999859e-06
3.364854898329999955e+00 2.031361548959999990e-04 2.184789502480000083e-05 5.586721045759999696e-06
2.962131469870000089e+00 3.160344110529999910e-04 1.900660974670000057e-05 4.920132123659999891e-06
3.235427849430000169e+00 2.940082557429999732e-04 2.093476421930000106e-05 5.372463525220000240e-06
0.000000000000000000e+00 0.000000000000000000e+00 0.000000000000000000e+00 0.000000000000000000e+00
3.417927389609999977e+00 3.147568545909999824e-04 2.222233087210000071e-05 5.674586253910000377e-06
4.429320456340000156e+00 1.698410670410000108e-03 2.935788849739999929e-05 7.349594055779999649e-06
3.673873293619999814e+00 3.336612459509999797e-04 2.402807465959999923e-05 6.098371952699999707e-06
0.000000000000000000e+00 0.000000000000000000e+00 0.000000000000000000e+00 0.000000000000000000e+00
1.272226083410000097e+00 3.839711458899999915e-04 7.084027258089999632e-06 2.130478572289999899e-06
9.677679918889999788e-01 3.387587085100000027e-04 4.936021375929999800e-06 1.632289156560000027e-06
4.086542674929999563e+00 7.435213769529999813e-04 2.693953040060000119e-05 6.781801510210000422e-06
2.028212000809999971e+00 2.253584945659999896e-04 1.241764210579999983e-05 3.375969538410000143e-06
4.125430986109999587e+00 1.584147853670000083e-03 2.721389433929999994e-05 6.846219771780000056e-06
3.827556944389999938e+00 2.089325950639999829e-03 2.511234009729999893e-05 6.352887621599999677e-06
3.134659753829999840e+00 1.868739756040000094e-04 2.022382741679999864e-05 5.205666880689999932e-06
