6.434311270713806152e-01 2.955357863979386074e-02 2.076909964479627016e-06 1.716849695636964677e-07
6.878888010978698730e-01 7.633371203453338284e-03 2.335588228426237351e-06 4.434437936286501853e-08
7.008635401725769043e-01 1.016212567473483153e-02 2.411082123518582515e-06 5.903461839372956366e-08
6.934321522712707520e-01 5.961575365232460802e-03 2.367842377780235399e-06 3.463245171105805028e-08
7.426949143409729004e-01 1.591051560455613439e-02 2.654479185675597653e-06 9.242861653420361246e-08
7.122141122817993164e-01 2.103267645812440315e-02 2.477125756081658434e-06 1.221846755537741441e-07
7.147035002708435059e-01 1.358315237836103979e-02 2.491610332195825330e-06 7.890831533741566592e-08
6.839597225189208984e-01 1.111930837641617736e-02 2.312726770917084498e-06 6.459515930175290478e-08
7.133909463882446289e-01 6.589315666101379886e-03 2.483973199414547385e-06 3.827916995666060248e-08
7.208325862884521484e-01 8.615632224346025936e-03 2.527272596705429836e-06 5.005060721198558552e-08
6.737431883811950684e-01 1.156250018059059442e-02 2.253281571136198079e-06 6.716978392971963414e-08
7.241209745407104492e-01 4.720589328895854336e-02 2.546406178992477877e-06 2.742321818728643932e-07
6.797283887863159180e-01 4.999528328101945397e-03 2.288106633042196622e-06 2.904365252359867071e-08
7.216257452964782715e-01 8.268247575691542450e-03 2.531887615365820745e-06 4.803255303458609942e-08
6.906266212463378906e-01 1.353717518056104553e-02 2.351518314255329189e-06 7.864122098985373994e-08
6.894147396087646484e-01 8.947630538927440688e-03 2.344466945847493744e-06 5.197927788936201331e-08
7.090499997138977051e-01 1.988542903804325565e-02 2.458715275463424744e-06 1.155199957598541192e-07
6.861478090286254883e-01 2.305627208675076895e-02 2.325458215647147309e-06 1.339403061711148616e-07
6.634818315505981445e-01 1.162672870316329606e-02 2.193575569218645726e-06 6.754290530623433054e-08
6.427766084671020508e-01 7.486468049884063489e-03 2.073101629023870641e-06 4.349097802840220097e-08
6.565020680427551270e-01 2.352924325103347009e-02 2.152963613094018546e-06 1.366879273960802685e-07
6.129887104034423828e-01 1.709010170672900855e-02 1.899779881396343207e-06 9.928116073934497557e-08
6.182087659835815430e-01 3.794381824397768249e-02 1.930152925977367579e-06 2.204262082689413564e-07
6.361443996429443359e-01 1.205332616069738905e-02 2.034511929892461158e-06 7.002112875271986843e-08
6.818307638168334961e-01 2.094258515508687010e-02 2.300339363048155923e-06 1.216613100822530199e-07
6.803307533264160156e-01 8.658572035505870609e-03 2.291611508564997269e-06 5.030005653458377314e-08
6.312004327774047852e-01 2.096818406395943926e-02 2.005745315493666336e-06 1.218100212736866423e-07
6.668800115585327148e-01 6.956510719366654737e-03 2.213347978015984174e-06 4.041230829202627883e-08
6.577666401863098145e-01 1.540193333846343222e-02 2.160321562736977493e-06 8.947412050044103753e-08
6.636906862258911133e-01 1.389156969216436867e-02 2.194790796195876161e-06 8.069999741350589783e-08
6.643178462982177734e-01 2.391321919866163520e-02 2.198439945241087967e-06 1.389185506206046658e-07
6.561397314071655273e-01 1.672690414518479551e-02 2.150855346885518349e-06 9.717124494676595696e-08
6.598273515701293945e-01 1.191949560149323933e-02 2.172311871607923923e-06 6.924366975989525161e-08
6.548867225646972656e-01 3.471786652266142803e-02 2.143564678644837806e-06 2.016857562296617458e-07
6.625959277153015137e-01 1.927293262433503809e-02 2.188420912094621763e-06 1.119618335004864601e-07
6.355389952659606934e-01 8.717288355078388340e-02 2.030989366990711209e-06 5.064115598861491773e-07
6.493263840675354004e-01 1.217837941506282398e-02 2.111211688055534285e-06 7.074759793708665781e-08
6.621589064598083496e-01 1.219101562512526354e-02 2.185878091262128685e-06 7.082100520076907053e-08
6.775604486465454102e-01 2.544979922360772473e-02 2.275492410549093194e-06 1.478449719528705730e-07
6.768634319305419922e-01 1.558984443951619628e-02 2.271436798599396772e-06 9.056574842334456982e-08
7.066122293472290039e-01 1.231956302425100784e-02 2.444531037980045803e-06 7.156777284523562553e-08
5.830680131912231445e-01 7.369808928555893202e-02 1.725685438076672110e-06 4.281327270077781996e-07
6.746661067008972168e-01 5.320396041506024465e-02 2.258651598109782291e-06 3.090766243864754000e-07
6.727510094642639160e-01 3.592643281275734873e-02 2.247508549371648057e-06 2.087066544179927927e-07
7.032848000526428223e-01 4.152520754383976637e-02 2.425170294257471028e-06 2.412314961982565554e-07
7.042154669761657715e-01 2.100607570770670826e-02 2.430585406706809045e-06 1.220301443857725873e-07
7.154700756072998047e-01 4.699723559693695651e-02 2.496070672993246119e-06 2.730200312246947582e-07
7.141265273094177246e-01 1.107084520871615824e-02 2.488253198308954649e-06 6.431362326265087305e-08
7.853037714958190918e-01 9.085022902959963634e-03 2.902400055107441296e-06 5.277742839846639485e-08
6.655521392822265625e-01 2.036485678090667328e-02 2.205621714717255956e-06 1.183051250480773152e-07
6.856583952903747559e-01 6.031743494468672084e-02 2.322610547636290981e-06 3.504007791697679362e-07
6.792010068893432617e-01 1.080939730783027006e-02 2.285038046200148259e-06 6.279479958809099118e-08
7.226067185401916504e-01 3.654406253281360789e-02 2.537595436596203648e-06 2.122946374836616523e-07
6.886407732963562012e-01 1.052845224231872649e-02 2.339963600442430435e-06 6.116271145388199632e-08
6.941517591476440430e-01 2.678116258277241091e-01 2.372029431232320007e-06 1.555792325167886589e-06
6.596177220344543457e-01 3.486128889991943480e-02 2.171092136083118192e-06 2.025189367650686605e-07
6.547543406486511230e-01 1.148772157361215712e-01 2.142794410632158366e-06 6.673537417448877303e-07
6.927026510238647461e-01 1.837653320447407354e-02 2.363597753643726740e-06 1.067543996058811938e-07
6.765597462654113770e-01 2.654444823335647824e-02 2.269669794761214919e-06 1.542040929314917788e-07
6.583611369132995605e-01 1.754800857333867897e-02 2.163780659161320573e-06 1.019412692634285130e-07
6.842075586318969727e-01 9.614988379959660617e-03 2.314168812518490633e-06 5.585614546002688641e-08
6.920353770256042480e-01 1.000310478906636484e-02 2.359715200558652654e-06 5.811082177847900655e-08
6.831778883934020996e-01 1.429854455727246759e-02 2.308177646413564469e-06 8.306422775531605901e-08
7.143167257308959961e-01 4.362424478899646491e-02 2.489359873333025258e-06 2.534253881779760871e-07
6.101326942443847656e-01 5.885945310966685939e-01 1.883162068656335622e-06 3.419309566139046174e-06
6.620439887046813965e-01 2.416496671471133478e-02 2.185209438975569764e-06 1.403810220579057318e-07
6.222299337387084961e-01 2.411380366599918945e-02 1.953550207025281951e-06 1.400838016580349804e-07
6.538632512092590332e-01 1.901936907790188758e-02 2.137609580920514855e-06 1.104888122368882458e-07
6.742107868194580078e-01 7.094992679884129516e-02 2.256002306192241518e-06 4.121678857058551816e-07
5.412167310714721680e-01 1.507673501798400817e-01 1.482172540928105534e-06 8.758495288273337464e-07
6.370219588279724121e-01 1.956099340053400748e-02 2.039618033427212509e-06 1.136352587799422279e-07
6.519010663032531738e-01 2.277236300915343528e-02 2.126192551214340680e-06 1.322909992651646166e-07
6.378830671310424805e-01 1.062820968945823313e-02 2.044628417028825312e-06 6.174223024870018760e-08
6.771122217178344727e-01 2.170416732786147745e-02 2.272884389182433844e-06 1.260855530393142150e-07
6.589623093605041504e-01 4.000189941297831869e-02 2.167278598457081913e-06 2.323821749952083831e-07
6.177398562431335449e-01 5.105258568929887941e-02 1.927424561071581919e-06 2.965786894049193707e-07
6.713709831237792969e-01 1.695932773009209069e-02 2.239478826139964111e-06 9.852145828597098182e-08
6.438536047935485840e-01 2.196554051349589379e-02 2.079368163342244269e-06 1.276039426721686436e-07
6.478245854377746582e-01 2.390708085281901749e-02 2.102473429231817516e-06 1.388828912599564913e-07
6.872974634170532227e-01 2.162780091585164363e-02 2.332147513003547334e-06 1.256419192824214625e-07
7.315471172332763672e-01 2.983229463361831979e-02 2.589615405331853564e-06 1.733041083996354609e-07
6.229831576347351074e-01 2.775832712082611925e-02 1.957932862079866223e-06 1.612558534776282414e-07
6.309219002723693848e-01 5.167033395974630211e-02 2.004124666046006926e-06 3.001673611628290905e-07
6.699209809303283691e-01 1.272238816454934578e-02 2.231041946381090939e-06 7.390789627984700251e-08
7.074412107467651367e-01 1.447751197863032281e-02 2.449354490262958501e-06 8.410389935188353335e-08
6.354684829711914062e-01 3.388558628083522539e-02 2.030579089161355058e-06 1.968508084986957153e-07
6.780177950859069824e-01 3.920866417102497614e-02 2.278153494052601299e-06 2.277740505432939284e-07
6.364072561264038086e-01 3.270336458001862207e-02 2.036041367954558163e-06 1.899829533669675510e-07
4.411379992961883545e-01 2.705290503081612119e-01 8.998615415226070371e-07 1.571578600830194778e-06
6.494478583335876465e-01 2.068765033525176919e-02 2.111918489590806856e-06 1.201803227095366150e-07
6.452203989028930664e-01 2.100897030299289647e-02 2.087320894453796306e-06 1.220469598959910193e-07
6.573498249053955078e-01 1.610134153741613061e-02 2.157896310952794833e-06 9.353717752691257376e-08
6.329417228698730469e-01 5.915528308768346760e-02 2.015877062329515781e-06 3.436495153505925197e-07
6.579715013504028320e-01 1.799967303251121323e-02 2.161513553353627687e-06 1.045651139040781379e-07
6.432399153709411621e-01 3.650039574410615661e-02 2.075797393662573588e-06 2.120409649460120702e-07
6.738811731338500977e-01 1.341222066692509228e-02 2.254084439415961079e-06 7.791532541788572376e-08
6.830372810363769531e-01 2.488133590405727444e-02 2.307359518434316178e-06 1.445426102015365484e-07
6.991433501243591309e-01 1.687199291731568407e-02 2.401073147901322545e-06 9.801410603411276379e-08
6.833860874176025391e-01 1.168291791350767155e-02 2.309389058465923369e-06 6.786932407891023242e-08
6.090110540390014648e-01 2.088559410351889870e-02 1.876635772635352125e-06 1.213302331905809176e-07
6.500450372695922852e-01 2.976505802606336376e-02 2.115393192525987956e-06 1.729135122196488110e-07
6.686198115348815918e-01 2.712516692285985714e-02 2.223471054568035755e-06 1.575776495402406914e-07
6.501324772834777832e-01 2.202433036921100026e-02 2.115901964779297700e-06 1.279454693181333253e-07
6.774734258651733398e-01 2.103670152919184452e-02 2.274986065975247462e-06 1.222080583126653282e-07
7.086539864540100098e-01 3.176540125311038548e-02 2.456411060841073003e-06 1.845340631599700271e-07
6.603940129280090332e-01 2.626888525266533880e-02 2.175609007130906542e-06 1.526032708270195771e-07
6.385549902915954590e-01 2.173955485508729732e-02 2.048538021399350326e-06 1.262911290410820183e-07
6.197779774665832520e-01 5.137767097033135028e-02 1.939283428440139316e-06 2.984672003449959960e-07
6.692667007446289062e-01 2.290327483603761191e-02 2.227234998170742087e-06 1.330515025290189131e-07
6.756857037544250488e-01 7.476981552635823813e-02 2.264584153096228763e-06 4.343586832371360521e-07
6.680253744125366211e-01 1.890154691911419965e-02 2.220012304955044555e-06 1.098043505007330236e-07
6.432809233665466309e-01 4.428439868457176992e-02 2.076035999872714925e-06 2.572604060230431665e-07
5.780013203620910645e-01 2.824174372059197746e-01 1.696204739104213527e-06 1.640641551465717634e-06
6.678661704063415527e-01 2.504012054034024728e-02 2.219085971833987472e-06 1.454650343783067553e-07
6.688075065612792969e-01 1.246173467054462886e-02 2.224563163515323988e-06 7.239368753611757511e-08
6.109622716903686523e-01 6.634161624689863257e-02 1.887988989052767551e-06 3.853969262057079495e-07
6.320622563362121582e-01 1.907294703589785742e-02 2.010759860831502554e-06 1.108000615173878106e-07
6.683625578880310059e-01 5.705724451336022934e-02 2.221974216773022310e-06 3.314614249278937387e-07
6.597413420677185059e-01 4.209258985708298761e-02 2.171811422827061009e-06 2.445275780828706153e-07
6.379148960113525391e-01 3.272212597364365649e-02 2.044813614290766014e-06 1.900919435279475735e-07
6.425514221191406250e-01 1.149396736056746901e-02 2.071791375736206266e-06 6.677165769048504302e-08
6.109776496887207031e-01 3.892973915501714288e-02 1.888078466381570552e-06 2.261536974392749797e-07
5.671053528785705566e-01 9.560638903683833789e-02 1.632806236722455814e-06 5.554041421495682313e-07
6.555188894271850586e-01 1.737365707029194309e-02 2.147242959843613518e-06 1.009284128219531631e-07
6.252873539924621582e-01 3.050621882945260890e-02 1.971339895323526417e-06 1.772191217542027775e-07
6.575874686241149902e-01 1.395670620469886131e-02 2.159279047813017514e-06 8.107839355660147240e-08
4.959819018840789795e-01 1.564915389845502158e+00 1.218972377169103731e-06 9.091029358915539972e-06
6.698859333992004395e-01 6.890610639790769980e-03 2.230838021306144446e-06 4.002947637531902193e-08
6.620750427246093750e-01 9.790883871766796129e-03 2.185390127689936017e-06 5.687797136224223151e-08
6.680989861488342285e-01 1.237084223026303775e-02 2.220440616974701890e-06 7.186566803521343915e-08
7.027794122695922852e-01 7.122389810591958810e-03 2.422229680804292044e-06 4.137594613349983915e-08
6.643897294998168945e-01 1.763850188480002232e-02 2.198858199731538221e-06 1.024669701138507016e-07
6.458101868629455566e-01 6.137557066946618817e-02 2.090752592781335732e-06 3.565477843063442436e-07
6.941272616386413574e-01 2.445383419949179876e-02 2.371886891766669099e-06 1.420591337321953911e-07
7.085276246070861816e-01 8.210580390729268693e-03 2.455675820774940287e-06 4.769754829571021616e-08
7.008552551269531250e-01 8.366751110885684711e-03 2.411033916740661784e-06 4.860478750567487017e-08
6.693390011787414551e-01 1.095478366056963811e-02 2.227655680340657199e-06 6.363938940407442039e-08
7.111880779266357422e-01 9.205889221160548294e-03 2.471155745469201226e-06 5.347957450450860894e-08
6.698364019393920898e-01 5.655836660582664113e-03 2.230549821072674856e-06 3.285633042158532371e-08
7.027814984321594238e-01 1.234508087628687079e-02 2.422241819201610409e-06 7.171601315492890306e-08
6.795274615287780762e-01 9.053305357407505707e-03 2.286937531974775634e-06 5.259317234240025929e-08
6.764270663261413574e-01 3.917794801222954787e-02 2.268897792691775228e-06 2.275956118218050110e-07
7.581799626350402832e-01 8.544001045930959409e-03 2.744579387666643546e-06 4.963448174589928867e-08
9.401375651359558105e-01 7.114206473239732646e-03 3.803304967839355853e-06 4.132840684760250571e-08
6.724637746810913086e-01 7.506475811600863204e-03 2.245837265466603905e-06 4.360720868876497484e-08
6.718735694885253906e-01 1.907133618744027287e-02 2.242403139459601315e-06 1.107907036500451491e-07
6.569844484329223633e-01 1.964505064819026606e-02 2.155770357365345333e-06 1.141235707431520179e-07
6.476633548736572266e-01 1.148253450270741022e-01 2.101535304524793949e-06 6.670524103490319844e-07
6.836275458335876465e-01 1.356586915220483504e-02 2.310793991252670649e-06 7.880791226296042398e-08
6.816314458847045898e-01 7.931919628693927596e-03 2.299179625887237407e-06 4.607873031661732093e-08
6.655705571174621582e-01 5.697745864038831522e-03 2.205728879425008260e-06 3.309979265698860366e-08
6.962847113609313965e-01 1.072258809996675874e-02 2.384440075461829669e-06 6.229050072156294724e-08
7.040845751762390137e-01 5.685790079199995982e-03 2.429823808977927468e-06 3.303033817294172829e-08
6.575175523757934570e-01 1.002911435958670112e-02 2.158872238097181017e-06 5.826191861780174044e-08
7.470095157623291016e-01 6.672510020403199515e-02 2.679583819009158544e-06 3.876246913204191662e-07
6.625828146934509277e-01 2.401019704567658106e-02 2.188344613597192769e-06 1.394819219441267284e-07
6.116166114807128906e-01 2.831273285861194214e-02 1.891796284074467860e-06 1.644765508211821964e-07
6.775593161582946777e-01 4.104262777005828616e-02 2.275485821133406615e-06 2.384280558845285385e-07
6.657904386520385742e-01 2.960791813983960213e-02 2.207008266502349325e-06 1.720006428540673750e-07
7.205757498741149902e-01 2.695074368787056876e-02 2.525778186589879555e-06 1.565643763879323141e-07
5.928753018379211426e-01 2.500087371391199187e-01 1.782749431115074455e-06 1.452370386325822657e-06
6.235465407371520996e-01 2.224366955840528445e-02 1.961210922978492017e-06 1.292196717583833651e-07
6.067147850990295410e-01 3.998678623905620871e-02 1.863274865301501378e-06 2.322943783585826335e-07
7.657253146171569824e-01 2.122062395048856034e-02 2.788482236709917799e-06 1.232765148839412531e-07
6.856350898742675781e-01 4.223830803155026459e-02 2.322474944397678533e-06 2.453740955436902371e-07
7.314674854278564453e-01 1.887782946585524549e-02 2.589152065365649505e-06 1.096665692089807862e-07
6.713739037513732910e-01 7.496346242999865628e-02 2.239495819896209652e-06 4.354836320348036033e-07
6.390156149864196777e-01 4.548281053461906975e-02 2.051218179527216102e-06 2.642223142409231125e-07
7.121320962905883789e-01 3.007832550928193557e-02 2.476648543661375760e-06 1.747333702807384816e-07
7.279410362243652344e-01 1.634666569466916922e-02 2.568633318538914771e-06 9.496233388393375615e-08
6.448014974594116211e-01 1.308795065988132243e-02 2.084883504272296129e-06 7.603155063147908729e-08
6.542677283287048340e-01 1.592836885377551387e-02 2.139963042754843817e-06 9.253233103139532314e-08
6.011314988136291504e-01 2.921057914146339696e-02 1.830788352341697116e-06 1.696923899458786647e-07
6.368246078491210938e-01 2.392811362364400882e-02 2.038469741040907749e-06 1.390050764837136534e-07
6.023609638214111328e-01 1.152261984076933810e-01 1.837942030098357688e-06 6.693810792824943543e-07
7.511592507362365723e-01 1.175251198329209032e-02 2.703729172143227758e-06 6.827361541358682497e-08
7.225027084350585938e-01 3.504023092439538523e-02 2.536990250787051595e-06 2.035584608240756311e-07
6.203711628913879395e-01 7.848941574007264887e-02 1.942734895014740175e-06 4.559668768594408908e-07
6.773403882980346680e-01 1.893288805429536523e-02 2.274211983037696487e-06 1.099864198841147403e-07
6.254894733428955078e-01 3.303319982324850329e-02 1.972515932617986712e-06 1.918990581604055825e-07
5.972496867179870605e-01 3.498758999129043118e-02 1.808201916234640693e-06 2.032526549821475824e-07
7.413813471794128418e-01 3.803737234684593377e-02 2.646836157101336890e-06 2.209696901091361055e-07
7.048436403274536133e-01 2.451112680813498368e-02 2.434240451545003669e-06 1.423919624529068922e-07
7.186136245727539062e-01 2.225205822640538914e-02 2.514361503695057260e-06 1.292684038672027829e-07
6.306721568107604980e-01 9.982530098237248073e-03 2.002671526481338915e-06 5.799129766900202549e-08
6.648706793785095215e-01 2.965249175846879082e-02 2.201656620530418176e-06 1.722595834193020659e-07
7.409106492996215820e-01 1.885688357523333802e-02 2.644097387854992268e-06 1.095448886965211448e-07
6.915744543075561523e-01 1.909607803775621032e-02 2.357033308374028322e-06 1.109344359496158591e-07
6.475902199745178223e-01 4.130619580712863864e-02 2.101109766995952507e-06 2.399591960206830436e-07
7.260999679565429688e-01 3.393186601118611950e-02 2.557921009499901884e-06 1.971196603421070171e-07
7.083750367164611816e-01 2.799780387206785709e-02 2.454787983713949581e-06 1.626470406245137127e-07
6.646769642829895020e-01 3.573566016677447860e-02 2.200529483636582373e-06 2.075984029835944904e-07
6.216939687728881836e-01 3.358230615200320790e-02 1.950431679348552607e-06 1.950889697609095497e-07
6.096379160881042480e-01 1.700277615367247752e-01 1.880283187623803680e-06 9.877386227977851877e-07
7.080790996551513672e-01 1.549316824147376447e-02 2.453066065351520686e-06 9.000412946271893974e-08
7.738637328147888184e-01 2.457899943192744935e-02 2.835835858705089149e-06 1.427862534283601357e-07
7.291619777679443359e-01 1.824865244744454384e-02 2.575737402272246243e-06 1.060115046710243157e-07
7.766812443733215332e-01 3.046339765066093455e-02 2.852229631311736926e-06 1.769703616000727243e-07
7.208262085914611816e-01 8.851438870652847402e-02 2.527235487890770980e-06 5.142047369710869703e-07
6.250092983245849609e-01 2.352166548766440601e-02 1.969722020366682052e-06 1.366439060581152141e-07
