2.374047636985778809e-01 2.354119345545768738e-02
-1.175017058849334717e-01 1.593445986509323120e-01
2.818265855312347412e-01 2.350066043436527252e-02
2.589767575263977051e-01 2.346664667129516602e-02
2.963012456893920898e-01 2.333459071815013885e-02
2.518400251865386963e-01 2.360964566469192505e-02
2.649811506271362305e-01 2.346747741103172302e-02
2.061959654092788696e-01 2.350089512765407562e-02
2.236370891332626343e-01 2.350149303674697876e-02
2.491111159324645996e-01 2.355271764099597931e-02
2.075535655021667480e-01 2.374054305255413055e-02
3.021892309188842773e-01 2.371376566588878632e-02
3.499780893325805664e-01 2.356635220348834991e-02
1.822375804185867310e-01 2.389599196612834930e-02
2.658438086509704590e-01 2.338331937789916992e-02
2.612545192241668701e-01 2.348587103188037872e-02
3.158172369003295898e-01 2.362322248518466949e-02
2.988373637199401855e-01 2.376043796539306641e-02
2.714323103427886963e-01 2.361114509403705597e-02
2.942623496055603027e-01 2.345899678766727448e-02
2.878518700599670410e-01 2.383354306221008301e-02
2.849239110946655273e-01 2.325833402574062347e-02
2.743440270423889160e-01 2.330820076167583466e-02
2.850950956344604492e-01 2.336193062365055084e-02
2.634583711624145508e-01 2.366238459944725037e-02
2.374741584062576294e-01 2.374532632529735565e-02
3.125892579555511475e-01 2.334365062415599823e-02
2.397798150777816772e-01 2.348815090954303741e-02
3.344187438488006592e-01 2.369974181056022644e-02
2.787490487098693848e-01 2.323646284639835358e-02
3.128569722175598145e-01 2.375674620270729065e-02
2.635711133480072021e-01 2.336370199918746948e-02
3.356544375419616699e-01 2.377911470830440521e-02
2.962555885314941406e-01 2.338130399584770203e-02
2.794585824012756348e-01 2.350377291440963745e-02
3.042643666267395020e-01 2.334177121520042419e-02
2.925094962120056152e-01 2.343297749757766724e-02
2.895087599754333496e-01 2.326929382979869843e-02
2.712401747703552246e-01 2.389036118984222412e-02
2.813674807548522949e-01 2.338257431983947754e-02
3.371138572692871094e-01 2.372785285115242004e-02
3.025477826595306396e-01 2.356344647705554962e-02
3.199656903743743896e-01 2.330395765602588654e-02
2.777016758918762207e-01 2.359363064169883728e-02
2.712061405181884766e-01 2.342626452445983887e-02
2.898877561092376709e-01 2.329699136316776276e-02
2.802807092666625977e-01 2.331438101828098297e-02
2.040598243474960327e-01 2.341529354453086853e-02
3.119973838329315186e-01 2.365786023437976837e-02
2.922751307487487793e-01 2.345933578908443451e-02
2.952595353126525879e-01 2.333544380962848663e-02
3.250970840454101562e-01 2.342001534998416901e-02
3.332470655441284180e-01 2.377997152507305145e-02
2.677693963050842285e-01 2.364689484238624573e-02
3.167356848716735840e-01 2.510347962379455566e-02
3.031879961490631104e-01 2.397686801850795746e-02
2.830764353275299072e-01 2.337970398366451263e-02
3.240593969821929932e-01 2.317002043128013611e-02
2.476091086864471436e-01 2.390239201486110687e-02
2.711141109466552734e-01 2.359362505376338959e-02
2.963862419128417969e-01 2.319746091961860657e-02
3.031955063343048096e-01 2.378948405385017395e-02
2.916876673698425293e-01 2.422366477549076080e-02
3.219427168369293213e-01 2.313814312219619751e-02
2.754600346088409424e-01 2.402430400252342224e-02
3.089957833290100098e-01 2.336912229657173157e-02
3.084529936313629150e-01 2.582309022545814514e-02
3.389993906021118164e-01 2.490980550646781921e-02
2.685647308826446533e-01 2.329286374151706696e-02
3.106937706470489502e-01 2.319872193038463593e-02
2.888120412826538086e-01 2.332817018032073975e-02
2.801744639873504639e-01 2.349095605313777924e-02
2.447042763233184814e-01 2.375656925141811371e-02
2.622137665748596191e-01 2.342940308153629303e-02
1.776419878005981445e-01 2.346752770245075226e-02
2.641867697238922119e-01 2.335628122091293335e-02
2.880176901817321777e-01 2.346460148692131042e-02
3.373581171035766602e-01 2.370989322662353516e-02
1.394065022468566895e-01 2.354313805699348450e-02
3.237367570400238037e-01 2.310872636735439301e-02
2.954636216163635254e-01 2.322206459939479828e-02
2.871159911155700684e-01 2.326688915491104126e-02
2.604674696922302246e-01 2.323551848530769348e-02
2.858433127403259277e-01 2.338528260588645935e-02
2.823369503021240234e-01 2.329832687973976135e-02
1.160087063908576965e-01 2.363923564553260803e-02
2.448245584964752197e-01 2.336603775620460510e-02
2.611777186393737793e-01 2.331209741532802582e-02
3.023493289947509766e-01 2.319660969078540802e-02
2.731932401657104492e-01 2.353590354323387146e-02
2.640213668346405029e-01 2.323557063937187195e-02
2.825774550437927246e-01 2.329597063362598419e-02
2.691907882690429688e-01 2.322326228022575378e-02
2.922762632369995117e-01 2.325784787535667419e-02
3.035722076892852783e-01 2.322498150169849396e-02
2.968623638153076172e-01 2.331274189054965973e-02
2.808187305927276611e-01 2.361395582556724548e-02
2.918245494365692139e-01 2.351979166269302368e-02
3.208214640617370605e-01 2.313753776252269745e-02
2.864325344562530518e-01 2.348288521170616150e-02
2.549424767494201660e-01 2.326604537665843964e-02
2.939569950103759766e-01 2.323836646974086761e-02
2.783648371696472168e-01 2.353331632912158966e-02
2.701331675052642822e-01 2.330896072089672089e-02
2.845624685287475586e-01 2.353644929826259613e-02
2.238873392343521118e-01 2.363665588200092316e-02
2.906236946582794189e-01 2.322116680443286896e-02
2.199358344078063965e-01 2.379063889384269714e-02
2.403199523687362671e-01 2.372161112725734711e-02
2.581155896186828613e-01 2.336470969021320343e-02
3.050985336303710938e-01 2.842560596764087677e-02
1.592131853103637695e-01 2.569259516894817352e-02
2.678939104080200195e-01 2.464791759848594666e-02
2.960607409477233887e-01 2.732803672552108765e-02
1.571223437786102295e-01 2.555328421294689178e-02
2.603109180927276611e-01 2.888217568397521973e-02
3.269283473491668701e-01 2.792756631970405579e-02
3.023740053176879883e-01 2.762605994939804077e-02
2.787773013114929199e-01 2.501275017857551575e-02
2.438604831695556641e-01 2.363372594118118286e-02
2.730468511581420898e-01 2.437518350780010223e-02
2.508348822593688965e-01 2.497291564941406250e-02
3.097019195556640625e-01 3.048269636929035187e-02
2.231251001358032227e-01 2.600953541696071625e-02
2.775842845439910889e-01 2.447064965963363647e-02
2.739661931991577148e-01 2.427141554653644562e-02
2.795058190822601318e-01 2.456614561378955841e-02
2.805742919445037842e-01 2.774818800389766693e-02
2.707054615020751953e-01 2.412819303572177887e-02
2.795539498329162598e-01 2.513452619314193726e-02
2.563581764698028564e-01 2.507153712213039398e-02
2.777858972549438477e-01 2.852175012230873108e-02
2.503909170627593994e-01 2.363582327961921692e-02
2.016891241073608398e-01 2.375669963657855988e-02
2.766550183296203613e-01 2.474745921790599823e-02
1.656826436519622803e-01 2.569594420492649078e-02
2.787608802318572998e-01 2.473002858459949493e-02
1.670578718185424805e-01 2.571862377226352692e-02
2.715894877910614014e-01 2.465325035154819489e-02
2.540911436080932617e-01 2.480621077120304108e-02
3.241793811321258545e-01 2.743699215352535248e-02
2.514299154281616211e-01 2.361817471683025360e-02
1.584215611219406128e-01 2.575269155204296112e-02
1.981586217880249023e-01 2.515496499836444855e-02
2.905738949775695801e-01 2.457911521196365356e-02
2.751391530036926270e-01 2.728128433227539062e-02
2.807205915451049805e-01 2.467226982116699219e-02
2.422335296869277954e-01 2.474708855152130127e-02
2.660886645317077637e-01 2.414388582110404968e-02
2.741104662418365479e-01 2.480188757181167603e-02
2.701070606708526611e-01 2.436766773462295532e-02
1.191280633211135864e-01 2.573359012603759766e-02
2.570088803768157959e-01 2.487852983176708221e-02
3.029560446739196777e-01 2.511334978044033051e-02
2.339892387390136719e-01 2.510246075689792633e-02
2.426823079586029053e-01 2.490457519888877869e-02
1.887345016002655029e-01 2.597057633101940155e-02
2.694726884365081787e-01 2.488873712718486786e-02
2.731277346611022949e-01 2.463223040103912354e-02
2.919614911079406738e-01 2.715351805090904236e-02
2.762666344642639160e-01 2.436558529734611511e-02
1.657560169696807861e-01 2.567063085734844208e-02
2.667105793952941895e-01 2.483947202563285828e-02
2.447383105754852295e-01 2.367941662669181824e-02
2.415823638439178467e-01 2.351552248001098633e-02
2.440329194068908691e-01 2.829613164067268372e-02
2.526507377624511719e-01 2.883237041532993317e-02
2.608143687248229980e-01 2.779849246144294739e-02
2.706778049468994141e-01 2.441131882369518280e-02
2.716939449310302734e-01 2.696749940514564514e-02
2.918625771999359131e-01 2.808908000588417053e-02
3.246854841709136963e-01 2.830397710204124451e-02
2.786873579025268555e-01 2.420460060238838196e-02
2.491574138402938843e-01 2.472653053700923920e-02
2.823514938354492188e-01 2.713276073336601257e-02
2.782676815986633301e-01 2.465820498764514923e-02
2.551472783088684082e-01 2.704532444477081299e-02
2.697975039482116699e-01 2.736900374293327332e-02
2.951951026916503906e-01 2.721980400383472443e-02
2.529710829257965088e-01 2.677899785339832306e-02
1.767164170742034912e-01 2.591382898390293121e-02
2.926210165023803711e-01 2.468984201550483704e-02
2.038934081792831421e-01 2.376175113022327423e-02
2.708157300949096680e-01 2.834042534232139587e-02
2.747744321823120117e-01 2.415494620800018311e-02
2.680821120738983154e-01 2.375003509223461151e-02
2.919563353061676025e-01 2.702666074037551880e-02
2.795633971691131592e-01 2.449373528361320496e-02
2.871939539909362793e-01 2.678333595395088196e-02
2.828946709632873535e-01 2.388806268572807312e-02
2.516225874423980713e-01 2.482658252120018005e-02
2.583092451095581055e-01 2.504279278218746185e-02
2.859196066856384277e-01 2.717929333448410034e-02
2.742609381675720215e-01 2.466433309018611908e-02
3.061738610267639160e-01 2.822110801935195923e-02
2.646048665046691895e-01 2.456644363701343536e-02
2.529523968696594238e-01 2.354870177805423737e-02
2.809979021549224854e-01 2.490027435123920441e-02
