6.348989999999999911e-01 1.883308207590000082e-03 7.697194686919999929e-06 3.414831612129999901e-08
8.544389999999999485e-01 4.315938002510000260e+00 1.168424512940000072e-05 7.825698134579999561e-05
6.039459999999999829e-01 2.441199306340000041e-03 7.135050973769999978e-06 4.426404838690000091e-08
6.398920000000000163e-01 3.835994218339999848e-03 7.787866275190000675e-06 6.955459689469999773e-08
5.730450000000000266e-01 2.725318763999999994e-03 6.573866335940000136e-06 4.941572829620000009e-08
6.207869999999999777e-01 3.254839504649999996e-03 7.440901829750000190e-06 5.901704664230000148e-08
5.873850000000000460e-01 2.269906833300000103e-03 6.834289928420000266e-06 4.115815764890000048e-08
6.878720000000000390e-01 1.491082480390000043e-03 8.659233845170000241e-06 2.703644347659999894e-08
6.271679999999999477e-01 1.162517057879999902e-03 7.556794068360000317e-06 2.107886528020000078e-08
6.393790000000000306e-01 8.504371132789999635e-03 7.778540728909999342e-06 1.542020327240000124e-07
6.420379999999999976e-01 2.081881261549999810e-03 7.826831146210000089e-06 3.774886083959999932e-08
5.676339999999999719e-01 3.405587212380000155e-03 6.475584928719999872e-06 6.175041782249999878e-08
5.389249999999999874e-01 1.340080157780000007e-03 5.954211659550000238e-06 2.429845559609999883e-08
5.991969999999999796e-01 1.034438293870000103e-03 7.048812132109999646e-06 1.875652945429999935e-08
5.696440000000000392e-01 1.381540529960000041e-03 6.512091492640000235e-06 2.505021884430000139e-08
5.762070000000000247e-01 3.387078036949999773e-04 6.631280958649999637e-06 6.141480776599999755e-09
5.732909999999999950e-01 2.333426729880000178e-03 6.578330474399999858e-06 4.230990620480000293e-08
5.223010000000000153e-01 6.277227632989999632e-03 5.652294527909999916e-06 1.138192637360000001e-07
5.614230000000000054e-01 3.246085057910000045e-04 6.362796153970000327e-06 5.885831021580000300e-09
5.577060000000000350e-01 6.769087816389999894e-04 6.295297168039999855e-06 1.227377174250000016e-08
5.138239999999999474e-01 4.064121996770000272e-02 5.498351029540000310e-06 7.369103057170000428e-07
5.683989999999999876e-01 4.146007350319999953e-04 6.489486108669999972e-06 7.517578326769999307e-09
5.562759999999999927e-01 3.005649335029999831e-03 6.269316618279999644e-06 5.449870776800000184e-08
5.910269999999999690e-01 8.085366632169999805e-04 6.900437982040000244e-06 1.466046049179999957e-08
5.496670000000000167e-01 1.663719633110000151e-02 6.149292561889999700e-06 3.016671606900000222e-07
6.205659999999999510e-01 1.036879692869999972e-03 7.436889084530000059e-06 1.880079712349999995e-08
5.694789999999999575e-01 4.159764178600000063e-03 6.509093029130000165e-06 7.542522333219999930e-08
6.257279999999999509e-01 3.347461496149999917e-03 7.530634909760000155e-06 6.069647703649999919e-08
5.462110000000000021e-01 5.469269253180000095e-03 6.086532663790000194e-06 9.916928873229999723e-08
5.858750000000000346e-01 6.026203948870000526e-04 6.806862105830000034e-06 1.092676794100000079e-08
4.928859999999999908e-01 4.779933618240000265e-02 5.118088484389999710e-06 8.667019215279999783e-07
5.671690000000000342e-01 2.739092716880000070e-03 6.467143766799999784e-06 4.966547886559999734e-08
5.525759999999999561e-01 6.841573004339999813e-03 6.202131550920000364e-06 1.240520254610000003e-07
5.264429999999999943e-01 4.556843985720000073e-03 5.727528900219999890e-06 8.262511059680000139e-08
5.439969999999999528e-01 6.894499404010000047e-03 6.046311036040000113e-06 1.250116917650000021e-07
5.209340000000000082e-01 5.208689843499999736e-03 5.627475476830000270e-06 9.444443911889999954e-08
5.843450000000000033e-01 1.079273804300000033e-03 6.779085725390000036e-06 1.956949101699999997e-08
5.726639999999999509e-01 5.910707004720000286e-04 6.566949302779999693e-06 1.071734782890000081e-08
5.731810000000000516e-01 4.454466338899999711e-02 6.576325725510000308e-06 8.076878977089999779e-07
5.382240000000000357e-01 3.736375902099999848e-03 5.941477390669999810e-06 6.774830850250000414e-08
5.612340000000000106e-01 5.659391382410000094e-03 6.359362534370000386e-06 1.026166005130000020e-07
5.229570000000000052e-01 9.768751316359999826e-03 5.664213691009999777e-06 1.771278894859999937e-07
5.287340000000000373e-01 1.852945097590000039e-03 5.769120944870000368e-06 3.359776944250000065e-08
5.809990000000000432e-01 1.586010238339999974e-03 6.718314339010000218e-06 2.875768223830000069e-08
5.337220000000000297e-01 5.164843836129999997e-03 5.859714594730000298e-06 9.364941931580000004e-08
5.833589999999999609e-01 2.145772838489999872e-03 6.761168552779999621e-06 3.890734873770000304e-08
5.970710000000000184e-01 6.538733175980000019e-04 7.010193653980000157e-06 1.185609060829999927e-08
6.495509999999999895e-01 4.942327957159999745e-04 7.963280720790000524e-06 8.961474111160000433e-09
5.321919999999999984e-01 1.459918959579999988e-02 5.831931719420000003e-06 2.647138367599999789e-07
5.707989999999999453e-01 2.091832139959999819e-03 6.533078572300000390e-06 3.792929107419999864e-08
5.730039999999999578e-01 1.479352854580000048e-03 6.573109683960000338e-06 2.682376083190000099e-08
5.349030000000000173e-01 3.022215068750000021e-03 5.881162809929999607e-06 5.479907916209999912e-08
5.559530000000000305e-01 5.951683818779999677e-03 6.263451753539999643e-06 1.079164736179999965e-07
5.907200000000000228e-01 7.925116159949999921e-04 6.894861056400000317e-06 1.436989287459999942e-08
5.537619999999999765e-01 2.913409110549999848e-01 6.223660951959999754e-06 5.282619960820000339e-06
5.318209999999999882e-01 1.054525300540000085e-02 5.825191130139999671e-06 1.912074889049999873e-07
5.890429999999999833e-01 1.096016778270000099e-03 6.864393636130000156e-06 1.987307614760000060e-08
5.302810000000000024e-01 3.330095115419999877e-03 5.797218821219999587e-06 6.038158823770000255e-08
6.138679999999999692e-01 8.552092572769999469e-04 7.315243476389999823e-06 1.550673222239999986e-08
5.989600000000000479e-01 2.484764537939999820e-03 7.044509282839999672e-06 4.505397713800000099e-08
5.464560000000000528e-01 6.017140823299999604e-04 6.090969740310000218e-06 1.091033459909999991e-08
5.653690000000000104e-01 3.832774392370000283e-02 6.434457267040000356e-06 6.949621471669999870e-07
4.701940000000000008e-01 7.869856141849999875e-02 4.705990267020000014e-06 1.426969490590000086e-06
5.287819999999999743e-01 6.233671618989999538e-04 5.770000999320000308e-06 1.130295021199999951e-08
5.922410000000000174e-01 5.606584044870000037e-04 6.922479395079999835e-06 1.016590930539999953e-08
5.309540000000000370e-01 1.282938734350000040e-03 5.809441078099999815e-06 2.326236209689999977e-08
4.198609999999999842e-01 1.805514301100000107e+00 3.791889720790000147e-06 3.273774991629999895e-05
5.401099999999999790e-01 9.771103764950000645e-03 5.975731318290000065e-06 1.771705442979999872e-07
5.877499999999999947e-01 4.637502889530000058e-04 6.840915775049999675e-06 8.408762519439999844e-09
5.172179999999999556e-01 3.564295175879999785e-04 5.559992728069999658e-06 6.462812508600000280e-09
5.814709999999999601e-01 5.587858586849999603e-04 6.726888645700000012e-06 1.013195613419999938e-08
6.108740000000000281e-01 6.464746702330000094e-03 7.260873863750000205e-06 1.172193765980000062e-07
5.979160000000000030e-01 4.801644775530000122e-04 7.025537776849999821e-06 8.706386083609999487e-09
5.795200000000000351e-01 7.642917501310000179e-04 6.691459147179999949e-06 1.385820769390000036e-08
6.269130000000000535e-01 2.546457545400000137e-03 7.552151321059999797e-06 4.617260037390000084e-08
5.566480000000000317e-01 2.612194081539999987e-03 6.276068032339999883e-06 4.736454124039999770e-08
5.808240000000000069e-01 1.694867901709999928e-03 6.715132936749999739e-06 3.073149931489999879e-08
5.604000000000000092e-01 5.259127950669999912e-03 6.344208927600000078e-06 9.535898747650000535e-08
7.662160000000000082e-01 1.861902551480000036e-03 1.008202968050000045e-05 3.376018681329999805e-08
5.935869999999999758e-01 2.937659258559999816e-03 6.946921743879999603e-06 5.326590550280000303e-08
6.151029999999999553e-01 1.779278038239999948e-03 7.337681076300000041e-06 3.226203160629999758e-08
6.134129999999999860e-01 1.779849438720000013e-03 7.306984170749999870e-06 3.227239229189999966e-08
6.285260000000000291e-01 1.800443290140000012e-03 7.581456160159999826e-06 3.264580188329999901e-08
6.201680000000000526e-01 2.102774623939999889e-03 7.429659215279999614e-06 3.812770119129999860e-08
6.206580000000000430e-01 3.440043848870000167e-03 7.438561512739999704e-06 6.237518869659999647e-08
7.944959999999999800e-01 1.981972982919999980e-03 1.059562859410000071e-05 3.593731482280000329e-08
6.406330000000000080e-01 1.037573687679999935e-03 7.801325804199999900e-06 1.881338070070000163e-08
6.243729999999999558e-01 2.491216520100000050e-03 7.506033436710000337e-06 4.517096506680000274e-08
6.174659999999999593e-01 2.237996365560000148e-03 7.380591578919999598e-06 4.057955413860000134e-08
6.152199999999999891e-01 3.903050228800000136e-03 7.339790825540000103e-06 7.077046258990000195e-08
6.129539999999999988e-01 2.380927595369999959e-03 7.298653421570000247e-06 4.317119622859999757e-08
6.170179999999999554e-01 2.097495637460000152e-03 7.372456758220000060e-06 3.803198212719999672e-08
6.099059999999999482e-01 2.796220121279999801e-03 7.243289011829999767e-06 5.070131817059999995e-08
6.057129999999999459e-01 3.934527932080000151e-03 7.167138863300000017e-06 7.134121917560000539e-08
6.173990000000000311e-01 1.818536511589999901e-03 7.379375956340000344e-06 3.297386982410000262e-08
6.253750000000000142e-01 2.664301152570000032e-03 7.524226641159999728e-06 4.830935140280000192e-08
6.181149999999999700e-01 3.600122639940000167e-03 7.392377597239999681e-06 6.527775193079999990e-08
6.076099999999999834e-01 5.856806992560000327e-03 7.201588719400000358e-06 1.061961583540000008e-07
5.949370000000000491e-01 2.722138883619999901e-03 6.971439866140000417e-06 4.935807041539999893e-08
6.147690000000000099e-01 1.548535737659999896e-03 7.331610540780000391e-06 2.807819117539999907e-08
6.284440000000000026e-01 1.788812825269999992e-03 7.579950433529999882e-06 3.243491723400000078e-08
6.167580000000000284e-01 5.074651662190000218e-03 7.367732825090000377e-06 9.201404659510000463e-08
6.129919999999999813e-01 1.540818153570000038e-03 7.299336465069999830e-06 2.793825523700000094e-08
6.274880000000000457e-01 1.996500237719999946e-03 7.562596149389999939e-06 3.620072433139999856e-08
6.005899999999999572e-01 5.982784364519999794e-03 7.074105308469999889e-06 1.084803915480000005e-07
6.823930000000000273e-01 2.313976223200000029e-02 8.559733567929999693e-06 4.195722784440000026e-07
6.031659999999999799e-01 3.097879971040000142e-03 7.120877009400000098e-06 5.617104206890000318e-08
6.563430000000000097e-01 3.778529054339999776e-02 8.086626901559999599e-06 6.851263330190000412e-07
6.430160000000000320e-01 1.161627604120000047e-03 7.844592442010000640e-06 2.106273762359999936e-08
6.225910000000000055e-01 2.621437487409999847e-03 7.473666267910000362e-06 4.753214351820000120e-08
4.749760000000000093e-01 6.615582764180000019e+00 4.792834755010000131e-06 1.199543498230000053e-04
8.135130000000000416e-01 3.941219917289999763e-01 1.094098339500000080e-05 7.146255886160000229e-06
5.860689999999999511e-01 7.740653681520000273e-02 6.810382323639999868e-06 1.403542382690000019e-06
3.773520000000000207e-01 7.426640412260000268e+00 3.019888742039999980e-06 1.346605210420000068e-04
7.496279999999999610e-01 2.697121144440000062e-01 9.780777190250000155e-06 4.890444648770000358e-06
7.201060000000000239e-01 5.008709162800000314e+01 9.244621604199999290e-06 9.081837118419999657e-04
5.224379999999999580e-01 4.011013333540000190e+02 5.654780979419999785e-06 7.272805944809999576e-03
5.702350000000000474e-01 5.873764495649999695e+00 6.522831837410000174e-06 1.065036333470000012e-04
6.516420000000000545e-01 3.059305412539999880e-01 8.001261619489999830e-06 5.547160465730000167e-06
6.350289999999999546e-01 5.017420016720000250e-03 7.699546911189999819e-06 9.097631718160000457e-08
5.817609999999999726e-01 3.113327976939999839e-02 6.732158147639999891e-06 5.645114672020000384e-07
6.191050000000000164e-01 1.201949166249999951e-01 7.410345646310000295e-06 2.179385186420000112e-06
5.766959999999999864e-01 2.869819616659999895e+01 6.640156194159999958e-06 5.203583093090000241e-04
5.353130000000000388e-01 5.965633254179999456e-01 5.888604844829999999e-06 1.081694060520000010e-05
6.007710000000000550e-01 1.277267116270000002e-01 7.077389546120000192e-06 2.315952380070000060e-06
6.087529999999999886e-01 6.997998752810000167e-03 7.222343066330000248e-06 1.268883513939999898e-07
5.176549999999999763e-01 1.756354611729999959e-01 5.567920795510000050e-06 3.184638194679999983e-06
0.000000000000000000e+00 0.000000000000000000e+00 0.000000000000000000e+00 0.000000000000000000e+00
6.170170000000000377e-01 2.389975832060000152e-02 7.372434026189999973e-06 4.333525968109999999e-07
6.010879999999999557e-01 4.148218114459999994e-01 7.083146163080000414e-06 7.521586904459999924e-06
6.624189999999999801e-01 1.611142106710000133e-01 8.196969276470000344e-06 2.921337556669999839e-06
0.000000000000000000e+00 0.000000000000000000e+00 0.000000000000000000e+00 0.000000000000000000e+00
6.408249999999999780e-01 3.744863556810000202e-03 7.804803805380000520e-06 6.790220743150000197e-08
6.599420000000000286e-01 3.332284070540000084e-03 8.151984746380000561e-06 6.042127857159999940e-08
5.446699999999999875e-01 3.713509201160000162e-01 6.058539787789999792e-06 6.733368739620000145e-06
7.462189999999999657e-01 2.278207127380000030e-01 9.718874614569999654e-06 4.130865933790000209e-06
6.182499999999999662e-01 2.214722600629999982e-01 7.394833739379999740e-06 4.015755211109999934e-06
8.516350000000000309e-01 1.050022193310000018e+00 1.163332645590000046e-05 1.903909813960000139e-05
6.026589999999999447e-01 1.776921653380000021e-01 7.111684607900000235e-06 3.221930542109999993e-06
5.729779999999999873e-01 1.014128149489999936e-01 6.572644218499999809e-06 1.838826406460000030e-06
3.114720000000000266e-01 8.257323268449999532e+00 1.823437391700000085e-06 1.497225383239999879e-04
6.326439999999999841e-01 3.777805673599999962e-03 7.656226149489999615e-06 6.849951689650000474e-08
6.886790000000000411e-01 4.353870466449999976e-01 8.673881934800000575e-06 7.894477624019999835e-06
6.953179999999999916e-01 6.430426906529999875e-03 8.794461302309999502e-06 1.165970869310000010e-07
5.643839999999999968e-01 1.228942130470000033e-01 6.416563908949999596e-06 2.228329075229999967e-06
4.772770000000000068e-01 1.121494492379999919e+01 4.834615692040000296e-06 2.033504038259999929e-04
5.410629999999999606e-01 1.337591222089999921e-01 5.993030396070000270e-06 2.425332598710000143e-06
6.567899999999999849e-01 9.046244475669999729e-02 8.094753062429999846e-06 1.640273295790000099e-06
6.141860000000000097e-01 5.752095576020000399e-03 7.321010918129999953e-06 1.042975214029999937e-07
5.569690000000000474e-01 2.636623227100000078e-01 6.281903670180000346e-06 4.780749273480000165e-06
6.038799999999999724e-01 1.741081306350000107e-02 7.133858083230000035e-06 3.156944498129999926e-07
7.352159999999999807e-01 4.158243487589999843e-01 9.519042717150000740e-06 7.539765002419999697e-06
5.496849999999999792e-01 4.282223346449999801e-01 6.149622717619999836e-06 7.764566412839999906e-06
6.414990000000000414e-01 4.347617924719999749e-01 7.817049876769999485e-06 7.883140458350000764e-06
7.052650000000000308e-01 1.566323827620000053e-01 8.975110610560000586e-06 2.840072644430000090e-06
6.047430000000000305e-01 1.138566063619999985e-01 7.149517207130000246e-06 2.064458366860000016e-06
7.349200000000000177e-01 9.081656095210000057e-01 9.513667132379999159e-06 1.646694162929999956e-05
5.376859999999999973e-01 4.956914951649999956e-01 5.931708028490000303e-06 8.987923382560000020e-06
6.096479999999999677e-01 5.783758629820000274e-02 7.238602965419999688e-06 1.048716387810000091e-06
3.497460000000000013e-01 3.617575862260000008e+01 2.518528322509999955e-06 6.559421534899999686e-04
5.929600000000000426e-01 1.222776799640000051e-01 6.935543819690000399e-06 2.217150041170000003e-06
7.063329999999999886e-01 1.337246678130000088e+00 8.994493458119999805e-06 2.424707868479999856e-05
6.602489999999999748e-01 7.989549567379999884e-02 8.157576826720000076e-06 1.448672411629999997e-06
6.298310000000000297e-01 7.000256947040000080e-03 7.605147269369999750e-06 1.269292971770000049e-07
6.417190000000000394e-01 2.777587032569999847e-03 7.821048549780000442e-06 5.036346130729999683e-08
5.198439999999999728e-01 4.257151457580000198e+01 5.607679122760000288e-06 7.719105835360000117e-04
0.000000000000000000e+00 0.000000000000000000e+00 0.000000000000000000e+00 0.000000000000000000e+00
4.655270000000000241e-01 1.485638232690000109e+02 4.621233878710000144e-06 2.693772788079999789e-03
5.977209999999999468e-01 2.736463795819999920e-02 7.021998074429999943e-06 4.961781102930000385e-07
0.000000000000000000e+00 0.000000000000000000e+00 0.000000000000000000e+00 0.000000000000000000e+00
4.385879999999999779e-01 1.822330640190000111e+02 4.131991798200000249e-06 3.304266530989999947e-03
0.000000000000000000e+00 0.000000000000000000e+00 0.000000000000000000e+00 0.000000000000000000e+00
6.353349999999999831e-01 3.151807454959999755e-02 7.705105434709999269e-06 5.714886012379999510e-07
6.310470000000000246e-01 8.576634116640000083e-02 7.627239558860000316e-06 1.555123117349999992e-06
2.000230000000000063e-01 4.070610733630000055e+01 -2.005833941949999977e-07 7.380868493990000228e-04
6.151079999999999881e-01 1.994465065480000021e-01 7.337768757010000420e-06 3.616382240269999971e-06
5.968660000000000077e-01 1.436303705779999973e+01 7.006473177769999710e-06 2.604318974109999909e-04
2.126379999999999937e-01 2.694850241929999868e+01 2.852384480169999977e-08 4.886327027640000086e-04
0.000000000000000000e+00 0.000000000000000000e+00 0.000000000000000000e+00 0.000000000000000000e+00
2.251150000000000095e-01 5.651467792070000051e+00 2.551194646739999834e-07 1.024729292500000045e-04
6.593510000000000204e-01 9.310451820799999778e-01 8.141257391349999523e-06 1.688179612489999941e-05
6.255469999999999642e-01 1.692416019359999912e-01 7.527347424669999667e-06 3.068704156069999846e-06
6.645280000000000076e-01 3.349896093380000123e-03 8.235270588600000221e-06 6.074062137529999929e-08
6.833550000000000457e-01 3.486110779749999722e+01 8.577193934910000563e-06 6.321047848730000120e-04
6.026399999999999535e-01 3.025663491940000158e-02 7.111334967570000126e-06 5.486160628579999664e-07
6.300139999999999629e-01 5.372955787510000358e-03 7.608480218529999636e-06 9.742292419189999987e-08
0.000000000000000000e+00 0.000000000000000000e+00 0.000000000000000000e+00 0.000000000000000000e+00
6.237859999999999516e-01 1.100595148079999974e-01 7.495359123090000115e-06 1.995609156629999994e-06
2.094159999999999910e-01 2.049824396240000013e+01 -3.000112950979999752e-08 3.716760283519999846e-04
6.028970000000000162e-01 5.281926784300000101e-03 7.116003694330000000e-06 9.577237800639999595e-08
6.398850000000000371e-01 1.136364719839999954e-01 7.787736377850000235e-06 2.060466870249999976e-06
6.604060000000000485e-01 1.729700121649999922e-01 8.160418330949999161e-06 3.136308030269999857e-06
0.000000000000000000e+00 0.000000000000000000e+00 0.000000000000000000e+00 0.000000000000000000e+00
6.007289999999999575e-01 2.015016353129999993e-01 7.076636141569999660e-06 3.653646022409999865e-06
0.000000000000000000e+00 0.000000000000000000e+00 0.000000000000000000e+00 0.000000000000000000e+00
6.438749999999999751e-01 1.229311704069999955e-01 7.860201771939999372e-06 2.228999189470000038e-06
6.277779999999999472e-01 4.151263857519999975e-03 7.567856991509999750e-06 7.527109473549999941e-08
6.028179999999999650e-01 2.919743412610000255e-01 7.114574823629999680e-06 5.294105375070000042e-06
