1.570014954360000048e-01 3.568102276859999849e-03
2.290686664680000040e-01 2.040272211449999963e-03
5.737407925920000318e-02 8.221296513220000685e-03
-1.708007078570000087e-02 7.083195881109999661e-03
2.348159853569999900e-01 3.848084738150000204e-03
4.792389477299999895e-02 3.828364162560000082e-03
1.812838571460000103e-01 3.124977165049999846e-03
1.414588230440000094e-01 3.328559126620000107e-03
2.700541976679999845e-01 1.734741924040000046e-03
-1.641513571450000097e-01 3.295415715140000146e-02
0.000000000000000000e+00 0.000000000000000000e+00
-4.915440000000000254e+00 5.176479999999999970e-02
-3.100000000000000089e+00 0.000000000000000000e+00
0.000000000000000000e+00 0.000000000000000000e+00
0.000000000000000000e+00 0.000000000000000000e+00
0.000000000000000000e+00 0.000000000000000000e+00
-1.873730177189999901e+00 1.891030523339999950e-02
-2.479208719789999904e+00 3.499840306339999790e-02
-1.182688579089999914e+00 2.360921839819999854e-02
-2.699740597289999933e+00 1.571920823780000032e-02
-6.000000000000000000e+00 0.000000000000000000e+00
0.000000000000000000e+00 0.000000000000000000e+00
2.583275946329999795e-01 7.801021368200000000e-03
0.000000000000000000e+00 0.000000000000000000e+00
0.000000000000000000e+00 0.000000000000000000e+00
0.000000000000000000e+00 0.000000000000000000e+00
0.000000000000000000e+00 0.000000000000000000e+00
0.000000000000000000e+00 0.000000000000000000e+00
0.000000000000000000e+00 0.000000000000000000e+00
0.000000000000000000e+00 0.000000000000000000e+00
0.000000000000000000e+00 0.000000000000000000e+00
0.000000000000000000e+00 0.000000000000000000e+00
0.000000000000000000e+00 0.000000000000000000e+00
-4.700000000000000178e+00 5.700000000000000205e-02
0.000000000000000000e+00 0.000000000000000000e+00
-6.620059216669999635e+00 8.982709712889999643e-02
-4.879999999999999893e+00 4.200000000000000261e-02
-3.554621735330000032e+00 4.516672821710000091e-02
-9.921624725740000317e-01 6.622207907069999587e-03
-2.405495955790000195e+00 2.863269727770000050e-02
-2.862441499180000126e-01 6.835059165649999893e-03
1.459999999999999909e-01 3.799999999999999906e-02
-3.099999999999999978e-02 4.200000000000000261e-02
0.000000000000000000e+00 0.000000000000000000e+00
-1.402387133140000075e-01 5.035659845920000335e-03
3.745528551710000098e-01 1.362585749290000023e-02
2.811896191430000025e-01 2.868189724920000051e-03
1.889140801170000050e-01 1.489835206880000011e-03
0.000000000000000000e+00 0.000000000000000000e+00
0.000000000000000000e+00 0.000000000000000000e+00
9.938515995579999540e-01 2.029182428970000007e-02
-2.676821872860000173e+00 8.026342406040000779e-03
-2.715731068979999829e+00 4.392294846239999662e-03
0.000000000000000000e+00 0.000000000000000000e+00
-2.438018924020000089e+00 1.091792093890000051e-02
-4.229650372780000001e-02 4.737345792860000321e-03
2.260033286429999899e-01 4.324877497200000330e-03
0.000000000000000000e+00 0.000000000000000000e+00
-4.820000000000000284e+00 4.299999999999999656e-02
-3.615461594360000142e+00 2.788783967879999992e-02
-2.373814680629999785e+00 2.332630611309999963e-02
-6.502848818630000416e+00 1.443092536810000083e-02
-1.508047428259999911e+01 2.359824273199999933e-01
-4.983196678249999678e+00 1.618533865400000049e-01
1.453233112469999977e+00 8.747973611229999807e-03
-5.034246400229999807e+00 1.369205707660000049e-01
-4.766780821300000248e+00 1.318021585040000110e-01
1.493347429150000127e-01 6.623799633769999681e-03
-3.236755935980000221e+00 4.020687463520000171e-01
4.216624245050000219e-01 3.468551768919999993e-03
1.829999999999999960e-01 2.400000000000000050e-02
0.000000000000000000e+00 0.000000000000000000e+00
1.627827006689999967e-01 3.734038407230000009e-03
2.290172044869999979e-01 8.177628353850000670e-03
-2.369403630119999993e-01 2.882407013049999907e-03
6.243531359440000067e-02 6.199900414700000410e-03
0.000000000000000000e+00 0.000000000000000000e+00
0.000000000000000000e+00 0.000000000000000000e+00
-4.500000000000000000e+00 0.000000000000000000e+00
-2.372018739600000092e+00 6.279097449159999969e-03
4.571484127279999976e-01 1.790509922119999956e-03
0.000000000000000000e+00 0.000000000000000000e+00
0.000000000000000000e+00 0.000000000000000000e+00
2.765853406279999982e-02 3.918940153640000125e-03
0.000000000000000000e+00 0.000000000000000000e+00
2.630844804699999928e-01 2.875988381269999842e-03
1.502956221110000046e-01 4.157622514800000078e-03
0.000000000000000000e+00 0.000000000000000000e+00
-1.399999999999999911e+00 0.000000000000000000e+00
0.000000000000000000e+00 0.000000000000000000e+00
0.000000000000000000e+00 0.000000000000000000e+00
0.000000000000000000e+00 0.000000000000000000e+00
0.000000000000000000e+00 0.000000000000000000e+00
0.000000000000000000e+00 0.000000000000000000e+00
0.000000000000000000e+00 0.000000000000000000e+00
0.000000000000000000e+00 0.000000000000000000e+00
0.000000000000000000e+00 0.000000000000000000e+00
0.000000000000000000e+00 0.000000000000000000e+00
0.000000000000000000e+00 0.000000000000000000e+00
0.000000000000000000e+00 0.000000000000000000e+00
0.000000000000000000e+00 0.000000000000000000e+00
0.000000000000000000e+00 0.000000000000000000e+00
0.000000000000000000e+00 0.000000000000000000e+00
0.000000000000000000e+00 0.000000000000000000e+00
0.000000000000000000e+00 0.000000000000000000e+00
0.000000000000000000e+00 0.000000000000000000e+00
0.000000000000000000e+00 0.000000000000000000e+00
