5.348297012239999759e-01 8.776885866159999739e-05 3.196209584579999912e-06 9.419974268589999805e-10
5.222910105489999566e-01 8.516582469420000347e-05 3.061635493810000184e-06 9.140598264750000250e-10
5.305237461059999493e-01 1.145308443589999984e-04 3.149995030779999912e-06 1.229225972940000014e-09
5.296444729460000334e-01 1.019994913510000045e-04 3.140558049739999981e-06 1.094730635199999904e-09
4.852408796659999709e-24 3.367516027530000202e-05 -2.543960790689999793e-06 3.614256219359999815e-10
1.849614829970000004e-24 3.624871721349999802e-05 -2.543960790689999793e-06 3.890468540069999867e-10
8.271720838539999809e-24 4.638525792740000276e-05 -2.543960790689999793e-06 4.978393735329999571e-10
5.228180772489999795e-01 2.831835225049999898e-04 3.067292346179999821e-06 3.039325719800000186e-09
5.075575001669999642e-01 5.567903144140000035e-05 2.903505046640000003e-06 5.975867197950000045e-10
1.483818334259999920e-08 2.560653046269999918e-05 -2.543960631429999806e-06 2.748273838180000103e-10
5.226789410269999658e-01 1.400680231010000096e-04 3.065799037900000185e-06 1.503309025069999903e-09
5.357487303539999468e-01 1.586832814739999901e-04 3.206073254779999885e-06 1.703101135340000009e-09
4.919914848799999962e-01 7.784806958899999894e-05 2.736439568400000012e-06 8.355205064410000170e-10
6.110720468920000092e-01 1.690685179430000086e-03 4.014496326959999900e-06 1.814562833489999888e-08
4.828133399539999981e-01 9.772149021619999838e-05 2.637933229870000164e-06 1.048816103299999935e-09
4.821460089160000129e-01 9.873693882569999948e-05 2.630770961489999968e-06 1.059714615499999906e-09
5.298613901940000259e-01 2.576782484970000040e-04 3.142886158970000096e-06 2.765585091829999800e-09
5.282163955299999936e-01 1.031380329950000029e-04 3.125230913539999985e-06 1.106950268849999902e-09
5.271027976480000543e-01 1.001912456470000049e-04 3.113278993969999939e-06 1.075323264220000044e-09
4.753675134550000014e-01 6.609120113310000392e-05 2.558019357110000068e-06 7.093374843280000395e-10
5.453939309830000415e-01 1.596703882989999900e-04 3.309592365230000131e-06 1.713695463479999943e-09
4.747209645650000143e-01 1.182884397229999992e-04 2.551080137440000017e-06 1.269555142280000077e-09
4.828263623399999815e-01 1.482545597780000023e-04 2.638072995319999911e-06 1.591172722999999947e-09
5.677655021530000345e-01 2.471208912339999900e-03 3.549699879429999836e-06 2.652276071669999917e-08
4.902888358890000187e-01 1.383581239820000060e-04 2.718165535979999858e-06 1.484957179160000010e-09
5.065784678110000216e-01 2.281528016779999922e-04 2.892997379409999945e-06 2.448697127760000140e-09
4.787897127379999729e-01 1.118729914790000046e-04 2.594748818660000202e-06 1.200700017240000099e-09
4.928893792680000274e-01 1.422989173739999918e-04 2.746076405609999795e-06 1.527252559220000016e-09
4.820308478750000014e-01 1.462407168339999912e-04 2.629534971810000132e-06 1.569558737119999965e-09
5.278524704649999455e-01 1.475166005619999940e-04 3.121325012520000061e-06 1.583252423090000090e-09
5.148244347149999456e-01 2.165389513420000022e-04 2.981498924530000027e-06 2.324049077199999923e-09
3.611610267709999822e-01 4.612162652689999866e-04 1.332274619999999982e-06 4.950098950060000139e-09
5.097649020029999534e-01 2.042742453810000001e-04 2.927196443349999964e-06 2.192415584029999875e-09
0.000000000000000000e+00 0.000000000000000000e+00 0.000000000000000000e+00 0.000000000000000000e+00
0.000000000000000000e+00 0.000000000000000000e+00 0.000000000000000000e+00 0.000000000000000000e+00
0.000000000000000000e+00 0.000000000000000000e+00 0.000000000000000000e+00 0.000000000000000000e+00
4.787677570459999976e-01 1.700881075090000089e-04 2.594513174649999990e-06 1.825505789359999915e-09
0.000000000000000000e+00 0.000000000000000000e+00 0.000000000000000000e+00 0.000000000000000000e+00
0.000000000000000000e+00 0.000000000000000000e+00 0.000000000000000000e+00 0.000000000000000000e+00
4.867186524509999890e-01 9.033481984959999898e-05 2.679847803889999993e-06 9.695371359690000055e-10
5.085550709399999647e-01 3.298853717219999999e-04 2.914211681260000049e-06 3.540562974830000054e-09
4.748572060960000174e-01 8.293631299109999883e-04 2.552542377850000109e-06 8.901311310420000531e-09
