3.548629999999999840e-01 8.478242116270000295e-02 3.529621392139999873e-06 2.071035085239999857e-06
3.511119999999999797e-01 1.199134331989999969e-01 3.442630550299999952e-06 2.852476766920000181e-06
3.897109999999999741e-01 9.892292724569999585e-02 4.337714162899999941e-06 2.398531996060000015e-06
3.709609999999999852e-01 1.094759803090000067e-01 3.902910612289999831e-06 2.625380523159999930e-06
2.967159999999999798e-01 2.708476135999999812e-01 2.181214275810000009e-06 6.297193708240000089e-06
3.509470000000000089e-01 8.527890013949999959e-02 3.438801195110000148e-06 2.080107336420000156e-06
3.412660000000000138e-01 1.582858814689999949e-01 3.214299113870000181e-06 3.720235826849999805e-06
3.112719999999999931e-01 3.061416586849999844e-01 2.518761465359999806e-06 7.113011668079999609e-06
3.658930000000000238e-01 9.786761541850000357e-02 3.785383064389999992e-06 2.364775996740000128e-06
1.817229999999999956e-01 4.060715577780000252e-01 -4.853732067450000408e-07 9.411148227839999307e-06
1.956350000000000033e-01 4.345955214319999760e-01 -1.627699013019999947e-07 1.007163330960000074e-05
3.863829999999999765e-01 5.874318769180000288e-01 4.260546539719999667e-06 1.361885197439999926e-05
3.162820000000000076e-01 1.455356142120000085e-01 2.634954509590000182e-06 3.423230391870000164e-06
3.465809999999999724e-01 1.657118348899999927e-01 3.337555144920000121e-06 3.891002287270000254e-06
3.028870000000000173e-01 2.105537409000000082e-01 2.324314397239999958e-06 4.909798418040000248e-06
2.848080000000000056e-01 4.480833451430000225e-01 1.905088118939999972e-06 1.038928648240000081e-05
4.082879999999999843e-01 2.058387027080000042e-01 4.768487249789999650e-06 4.822837200510000298e-06
3.692880000000000051e-01 1.538030832789999969e-01 3.864114634649999873e-06 3.625597242939999910e-06
4.347170000000000201e-01 3.070623667380000255e-01 5.381363764140000255e-06 7.151971350089999717e-06
3.404110000000000191e-01 1.532937695799999889e-01 3.194484740559999942e-06 3.606214600759999790e-06
3.646730000000000249e-01 2.773422367019999779e-01 3.757093797980000012e-06 6.456518295730000010e-06
3.492169999999999996e-01 1.198776963270000023e-01 3.398694211020000173e-06 2.851031912209999830e-06
2.948120000000000185e-01 2.963873172770000175e-01 2.137071990339999955e-06 6.886007005239999704e-06
4.198729999999999962e-01 2.312042748669999870e-01 5.037155113719999964e-06 5.406341490650000128e-06
3.532239999999999824e-01 1.635177663700000117e-01 3.491598058269999906e-06 3.842586482620000321e-06
5.021449999999999525e-01 7.007906479019999912e-02 6.944965990720000110e-06 1.848131032759999946e-06
5.613200000000000411e-01 6.175524122349999867e-02 8.317189609209999442e-06 1.732148709200000028e-06
4.110509999999999997e-01 2.554727890430000259e-01 4.832577289840000243e-06 5.961496884869999966e-06
3.803279999999999994e-01 1.799709520199999913e-01 4.120125100959999768e-06 4.224868270340000167e-06
4.484870000000000245e-01 2.307279985079999929e-01 5.700690244529999613e-06 5.401749168699999826e-06
4.323100000000000276e-01 2.255020601459999940e-01 5.325562021650000030e-06 5.278418282439999921e-06
3.858590000000000075e-01 2.168213171270000073e-01 4.248388112390000148e-06 5.069420631799999848e-06
3.991009999999999835e-01 2.455448870989999921e-01 4.555457338939999771e-06 5.731192575199999865e-06
2.955380000000000229e-01 4.400697816940000173e-01 2.153916730149999956e-06 1.020486586099999920e-05
5.265170000000000128e-01 6.577244604549999929e-01 7.510141773490000210e-06 1.525586199530000066e-05
3.157050000000000134e-01 4.345412987930000193e-01 2.621574227009999882e-06 1.007875474529999918e-05
4.454750000000000099e-01 1.143548948880000055e-01 5.630828182370000402e-06 2.764998911749999993e-06
3.953420000000000267e-01 3.297117582660000212e-01 4.468285430300000372e-06 7.667583718350000460e-06
4.589790000000000258e-01 2.917290274209999867e-01 5.943983187979999615e-06 6.803580522050000177e-06
2.550939999999999874e-01 5.663218541800000283e-01 1.216030864510000048e-06 1.312197022630000053e-05
3.492730000000000001e-01 2.509026014929999771e-01 3.399972736030000050e-06 5.845496228940000380e-06
4.307150000000000145e-01 3.007037876779999896e-01 5.288568418730000165e-06 7.004973511549999671e-06
3.846530000000000227e-01 3.946991216080000253e-01 4.220414676219999602e-06 9.165376040470000650e-06
5.501859999999999529e-01 6.904471103420000144e-01 8.058999430530000471e-06 1.601433536580000017e-05
4.154570000000000207e-01 1.031341841039999929e+00 4.934745260219999673e-06 2.388987561580000136e-05
4.239879999999999760e-01 2.248294053890000088e-01 5.132569707659999718e-06 5.261153542209999746e-06
4.769260000000000166e-01 8.524562287949999373e-02 6.360170723309999974e-06 2.147202822179999825e-06
4.478809999999999736e-01 1.011318427139999976e-01 5.686623705009999881e-06 2.474622100820000004e-06
3.819389999999999730e-01 2.205358776290000100e-01 4.157478073060000406e-06 5.153793564210000272e-06
3.761749999999999816e-01 6.413842444649999752e-01 4.023827979210000088e-06 1.486571571669999954e-05
3.872499999999999831e-01 3.709477657249999893e-01 4.280644261820000400e-06 8.617526279580000102e-06
4.046819999999999862e-01 2.992157320969999756e-01 4.684873096169999992e-06 6.966444524929999887e-06
6.079790000000000472e-01 1.838896704180000008e-01 9.399185285490000542e-06 4.385459227179999787e-06
3.046749999999999736e-01 2.847019727160000069e-01 2.365786984259999809e-06 6.617669352319999700e-06
3.967950000000000088e-01 1.689774379810000116e-01 4.501987349630000243e-06 3.978488149730000312e-06
4.108499999999999930e-01 3.592583928809999771e-01 4.827904799240000132e-06 8.350935657459999898e-06
2.957089999999999996e-01 2.562216136339999784e-01 2.157870482360000001e-06 5.959929937579999844e-06
4.008399999999999741e-01 3.579688787329999844e-01 4.595791693149999736e-06 8.319857537800000782e-06
3.246439999999999881e-01 3.201867056639999820e-01 2.828861832820000065e-06 7.438662798460000272e-06
4.377090000000000147e-01 8.759927852280000038e-02 5.450749662110000053e-06 2.174845654780000170e-06
4.203569999999999807e-01 1.335113907230000008e-01 5.048364668150000187e-06 3.182870822930000125e-06
3.394170000000000242e-01 3.078810673530000264e-01 3.171433971229999855e-06 7.156659757769999583e-06
3.596159999999999912e-01 2.928940775459999979e-01 3.639835085879999865e-06 6.813973600480000288e-06
2.888049999999999784e-01 3.632431696160000056e-01 1.997773580300000056e-06 8.428918349439999159e-06
4.099280000000000146e-01 6.993849173320000612e-02 4.806525787740000280e-06 1.781530017260000099e-06
2.758309999999999929e-01 4.081733304599999834e-01 1.696912456569999898e-06 9.466013671100000518e-06
3.949289999999999745e-01 2.219106105810000062e-01 4.458715152270000316e-06 5.188002326340000185e-06
3.601900000000000102e-01 2.007305376550000131e-01 3.653146258989999930e-06 4.695201102840000386e-06
3.182300000000000129e-01 1.603208584949999960e-01 2.680106484269999997e-06 3.761108565620000082e-06
3.644169999999999909e-01 1.172677940969999999e-01 3.751166279579999822e-06 2.797576154549999893e-06
0.000000000000000000e+00 0.000000000000000000e+00 0.000000000000000000e+00 0.000000000000000000e+00
3.812329999999999885e-01 6.489753778500000070e-02 4.141104659769999645e-06 1.657438679489999901e-06
1.475269999999999915e-01 1.676568113369999891e+00 -1.278371434770000005e-06 3.881853877799999758e-05
4.766739999999999866e-01 1.057470027419999958e-01 6.354324754079999819e-06 2.590120204360000021e-06
4.703069999999999751e-01 1.029108519790000037e-01 6.206662717179999982e-06 2.524862479780000147e-06
4.383099999999999774e-01 8.152930666570000484e-02 5.464688349120000368e-06 2.044775006730000165e-06
4.660739999999999883e-01 4.012905995890000271e-02 6.108518990660000135e-06 1.245104511359999912e-06
4.879720000000000169e-01 7.121498292359999815e-02 6.616313188680000229e-06 1.860927137850000016e-06
4.664360000000000173e-01 6.113843599040000298e-02 6.116901968169999704e-06 1.640628295249999925e-06
7.041889999999999539e-01 6.586524486269999812e-02 1.163022663630000012e-05 1.943829044930000072e-06
4.592959999999999821e-01 7.676438803259999499e-02 5.951335052339999638e-06 1.956674355449999891e-06
4.847060000000000257e-01 4.401361020039999683e-02 6.540575440230000318e-06 1.331984943879999923e-06
5.028240000000000487e-01 9.854336593830000102e-02 6.960731240760000251e-06 2.447505230229999924e-06
5.288890000000000535e-01 9.067006890409999575e-02 7.565143228429999982e-06 2.294699993720000136e-06
5.212759999999999616e-01 1.068194195419999992e-01 7.388615552220000245e-06 2.636904143560000164e-06
5.520040000000000502e-01 8.907542436660000063e-02 8.101170023100000536e-06 2.276110938009999838e-06
4.665590000000000015e-01 9.113409781530000531e-02 6.119771392959999859e-06 2.267228395920000026e-06
4.844550000000000245e-01 6.897281443340000373e-02 6.534750203830000368e-06 1.812500922599999990e-06
4.586720000000000241e-01 4.007649106240000064e-02 5.936863531390000037e-06 1.236612095330000102e-06
0.000000000000000000e+00 0.000000000000000000e+00 0.000000000000000000e+00 0.000000000000000000e+00
4.700770000000000226e-01 1.131795306530000017e-01 6.201334377799999649e-06 2.750232222520000029e-06
8.742940000000000156e-01 1.806599095020000045e-01 1.557485363730000045e-05 4.436910731420000329e-06
4.730730000000000213e-01 1.194651814190000050e-01 6.270807353699999940e-06 2.890570849990000182e-06
3.843369999999999842e-01 8.533508044040000184e-02 4.213088382349999886e-06 2.097490855479999808e-06
4.110920000000000130e-01 1.761248325449999985e-01 4.833521325060000143e-06 4.145152509870000377e-06
4.792429999999999746e-01 8.243306217340000408e-02 6.413899873090000192e-06 2.088964369109999992e-06
4.254990000000000161e-01 3.594450410949999730e-01 5.167612350519999869e-06 8.357254901289999728e-06
3.843460000000000210e-01 1.153702759210000067e-01 4.213300548390000059e-06 2.762394589739999931e-06
5.199890000000000345e-01 9.096246946090000285e-02 7.358758883259999930e-06 2.295312064159999865e-06
3.395250000000000212e-01 3.129884429110000088e+00 3.173921911789999868e-06 7.246720579080000537e-05
4.830559999999999854e-01 1.249516335590000055e-01 6.502321971849999849e-06 3.016695261899999951e-06
5.320489999999999942e-01 6.119422648230000289e-02 7.638418606819999409e-06 1.695699390589999987e-06
4.697020000000000084e-01 1.191850442789999936e-01 6.192639716629999685e-06 2.882850694550000131e-06
5.305159999999999876e-01 7.790456269630000041e-02 7.602868700520000350e-06 2.029007384079999795e-06
4.328850000000000198e-01 3.223606459169999772e-01 5.338875959139999689e-06 7.503855616309999864e-06
5.053079999999999794e-01 1.380285995930000120e-01 7.018325682650000365e-06 3.317275413979999808e-06
5.127669999999999728e-01 2.357042656570000061e-01 7.191298368219999956e-06 5.531086692369999955e-06
3.156640000000000001e-01 3.626213860699999958e-01 2.620608767850000196e-06 8.417206283109999603e-06
4.381340000000000234e-01 3.900847957190000104e-01 5.460601215650000094e-06 9.065536707560000718e-06
4.796610000000000040e-01 1.106433406679999953e-01 6.423584181740000068e-06 2.698983733879999980e-06
4.916139999999999954e-01 8.186589126729999777e-02 6.700778770850000247e-06 2.084906502179999811e-06
5.375689999999999635e-01 6.926068780709999928e-02 7.766425913249999405e-06 1.858951343950000080e-06
4.165699999999999958e-01 6.191346657570000467e-01 4.960541057310000027e-06 1.435422901669999983e-05
5.137429999999999497e-01 1.846432197429999922e-01 7.213920658900000304e-06 4.369274332649999842e-06
4.900289999999999924e-01 8.914671012359999536e-02 6.664009773689999648e-06 2.238298395740000196e-06
4.420499999999999985e-01 1.353911518579999917e-01 5.551410355169999819e-06 3.233116243580000052e-06
4.610569999999999946e-01 1.268572782630000007e-01 5.992178743279999935e-06 3.049685468289999952e-06
3.821359999999999757e-01 1.820329258239999914e-01 4.162045517280000260e-06 4.272402079230000341e-06
3.650309999999999944e-01 5.911486624020000358e-01 3.765409048220000060e-06 1.370318008290000035e-05
5.145049999999999901e-01 1.458794537510000044e-01 7.231593330050000019e-06 3.496408846830000176e-06
5.140439999999999454e-01 8.622459176579999607e-02 7.220903478750000126e-06 2.191247350800000073e-06
4.358810000000000184e-01 6.474624731650000520e-01 5.408371050059999982e-06 1.501073008289999938e-05
5.395689999999999653e-01 8.567603452249999973e-02 7.812801125380000716e-06 2.196574432030000072e-06
4.857799999999999896e-01 1.456728109690000050e-01 6.565470741050000065e-06 3.480459768679999881e-06
4.895639999999999992e-01 1.219352102699999968e-01 6.653236299949999708e-06 2.952736999820000078e-06
4.671609999999999929e-01 8.860401519100000178e-02 6.133716299820000073e-06 2.213166294280000043e-06
4.566259999999999764e-01 1.117608539180000027e-01 5.889414358259999820e-06 2.712647477170000188e-06
4.650360000000000049e-01 1.070453193349999998e-01 6.084445401320000132e-06 2.612793318719999927e-06
4.422039999999999860e-01 2.077390026719999894e-01 5.554995062869999663e-06 4.874456775559999834e-06
5.091569999999999707e-01 1.295535839449999949e-01 7.107588843540000245e-06 3.130407394240000070e-06
4.864129999999999843e-01 1.460227230900000006e-01 6.580158574610000078e-06 3.488553375260000046e-06
4.856380000000000141e-01 9.415496099950000641e-02 6.562196334830000042e-06 2.343138053409999874e-06
4.663889999999999980e-01 3.043002523760000022e-01 6.115808656510000249e-06 7.093938558720000310e-06
4.969720000000000248e-01 1.424073506890000118e-01 6.825006480910000195e-06 3.411682542340000161e-06
4.556950000000000167e-01 8.444148245650000273e-02 5.867825945100000236e-06 2.117288324049999968e-06
4.797710000000000030e-01 1.931877791459999938e-01 6.426135703009999859e-06 4.552836354269999593e-06
