4.253482222557067871e-01 1.975025050342082977e-02
4.295729398727416992e-01 2.012084797024726868e-02
4.466962218284606934e-01 2.003854513168334961e-02
4.504521489143371582e-01 1.998245902359485626e-02
4.366316795349121094e-01 2.209152095019817352e-02
4.516689479351043701e-01 2.142119966447353363e-02
4.483967423439025879e-01 2.120120450854301453e-02
4.396912455558776855e-01 2.200582996010780334e-02
4.551209211349487305e-01 2.072508633136749268e-02
4.465194940567016602e-01 2.170624770224094391e-02
4.434774518013000488e-01 2.162766829133033752e-02
4.500944316387176514e-01 2.264461107552051544e-02
4.586163759231567383e-01 2.072474919259548187e-02
4.384471774101257324e-01 2.069624140858650208e-02
4.713268280029296875e-01 2.048319019377231598e-02
4.497086107730865479e-01 2.181669510900974274e-02
4.585518836975097656e-01 2.076613530516624451e-02
4.261980652809143066e-01 2.086429670453071594e-02
4.239809513092041016e-01 2.169300429522991180e-02
4.698404073715209961e-01 2.075538970530033112e-02
4.638302326202392578e-01 2.209200151264667511e-02
4.520542621612548828e-01 2.026052959263324738e-02
4.549500942230224609e-01 2.103159204125404358e-02
4.276794195175170898e-01 2.194908820092678070e-02
4.443740844726562500e-01 2.043826878070831299e-02
4.664148688316345215e-01 2.036631479859352112e-02
4.517886638641357422e-01 2.026251703500747681e-02
4.482824802398681641e-01 2.080337889492511749e-02
4.226638078689575195e-01 2.102498710155487061e-02
4.258606433868408203e-01 2.090268954634666443e-02
4.457557201385498047e-01 2.078017592430114746e-02
4.373905360698699951e-01 2.085750922560691833e-02
4.252204298973083496e-01 2.172915078699588776e-02
4.327262639999389648e-01 2.247470431029796600e-02
4.006640315055847168e-01 2.164886146783828735e-02
4.667010903358459473e-01 2.109027095139026642e-02
4.317626953125000000e-01 2.028718777000904083e-02
4.451884031295776367e-01 2.106207236647605896e-02
4.507799148559570312e-01 2.136033959686756134e-02
4.674182236194610596e-01 2.137737162411212921e-02
4.403574764728546143e-01 2.024810947477817535e-02
4.090784788131713867e-01 2.047064155340194702e-02
4.732221364974975586e-01 2.059649862349033356e-02
4.747788906097412109e-01 2.197093702852725983e-02
4.449388980865478516e-01 2.210512757301330566e-02
4.530760049819946289e-01 2.097468264400959015e-02
4.556903541088104248e-01 1.971283182501792908e-02
4.509066343307495117e-01 1.983543299138545990e-02
4.597230553627014160e-01 2.149132825434207916e-02
4.680508077144622803e-01 2.207209356129169464e-02
4.782482981681823730e-01 2.137000299990177155e-02
4.640131592750549316e-01 2.127857692539691925e-02
4.511885046958923340e-01 2.146676741540431976e-02
4.440109431743621826e-01 2.128469757735729218e-02
4.605646729469299316e-01 1.999184675514698029e-02
4.033157527446746826e-01 2.095141820609569550e-02
4.304180145263671875e-01 2.114028297364711761e-02
4.428460001945495605e-01 2.131168544292449951e-02
4.432826042175292969e-01 2.139803022146224976e-02
4.412772953510284424e-01 1.965663023293018341e-02
4.287010431289672852e-01 2.011557109653949738e-02
4.540191292762756348e-01 2.096874825656414032e-02
4.473667144775390625e-01 2.052470855414867401e-02
4.588348865509033203e-01 2.093161456286907196e-02
4.450365304946899414e-01 1.944970898330211639e-02
4.387655854225158691e-01 2.121105417609214783e-02
4.362801313400268555e-01 2.048979140818119049e-02
4.588434696197509766e-01 2.020231820642948151e-02
4.987612366676330566e-01 2.070069499313831329e-02
4.774004220962524414e-01 1.937894709408283234e-02
7.747600674629211426e-01 9.717652946710586548e-02
4.589262604713439941e-01 1.967466622591018677e-02
4.776660799980163574e-01 2.544582821428775787e-02
4.774670600891113281e-01 2.112732455134391785e-02
4.578395187854766846e-01 2.120134793221950531e-02
4.652379155158996582e-01 2.037952654063701630e-02
4.489313066005706787e-01 1.968858391046524048e-02
4.589708447456359863e-01 1.993132382631301880e-02
4.644728899002075195e-01 1.980679854750633240e-02
4.607756733894348145e-01 1.962456293404102325e-02
4.570205807685852051e-01 1.983402110636234283e-02
4.574868679046630859e-01 1.962088607251644135e-02
4.582510590553283691e-01 2.041028253734111786e-02
4.829690158367156982e-01 2.041807584464550018e-02
4.392693042755126953e-01 2.132781036198139191e-02
4.542365670204162598e-01 2.099426463246345520e-02
4.672875404357910156e-01 2.022796310484409332e-02
4.483661651611328125e-01 2.052956447005271912e-02
4.596799612045288086e-01 1.965304464101791382e-02
4.475570917129516602e-01 3.812154009938240051e-02
4.585198163986206055e-01 2.033199928700923920e-02
4.426957964897155762e-01 2.099012583494186401e-02
4.522336721420288086e-01 2.015897445380687714e-02
5.099459290504455566e-01 2.053693309426307678e-02
4.696512818336486816e-01 2.052672207355499268e-02
4.818474650382995605e-01 2.010590024292469025e-02
4.663822948932647705e-01 2.140295132994651794e-02
4.361039102077484131e-01 2.004307880997657776e-02
4.604380726814270020e-01 1.993985474109649658e-02
4.790457487106323242e-01 2.764698117971420288e-02
4.571958780288696289e-01 2.061738073825836182e-02
4.587957262992858887e-01 1.990791596472263336e-02
4.488041102886199951e-01 2.060601860284805298e-02
4.722863435745239258e-01 1.983370259404182434e-02
4.644100069999694824e-01 2.156364731490612030e-02
4.755626916885375977e-01 2.013881690800189972e-02
4.651857018470764160e-01 2.048705890774726868e-02
4.582481682300567627e-01 2.086033485829830170e-02
4.774907827377319336e-01 2.110617980360984802e-02
4.831737577915191650e-01 2.066460438072681427e-02
4.773319959640502930e-01 1.985028572380542755e-02
4.872290492057800293e-01 1.956498622894287109e-02
4.816627204418182373e-01 2.085073478519916534e-02
4.989839792251586914e-01 2.056715078651905060e-02
4.505229592323303223e-01 2.052135951817035675e-02
5.253833532333374023e-01 2.153689973056316376e-02
4.796496033668518066e-01 2.145724371075630188e-02
4.546165466308593750e-01 2.061714231967926025e-02
4.837046861648559570e-01 2.110305987298488617e-02
4.561491608619689941e-01 2.072194404900074005e-02
4.713806807994842529e-01 2.055840753018856049e-02
4.689482152462005615e-01 2.181775681674480438e-02
4.817133545875549316e-01 2.062779106199741364e-02
4.894319176673889160e-01 2.069491520524024963e-02
4.768694937229156494e-01 2.053897827863693237e-02
4.840696454048156738e-01 1.973732002079486847e-02
4.879925847053527832e-01 2.004690468311309814e-02
4.896462261676788330e-01 2.051989920437335968e-02
4.770226478576660156e-01 2.069367468357086182e-02
4.515162706375122070e-01 2.011440321803092957e-02
4.465623199939727783e-01 2.005290240049362183e-02
4.548115134239196777e-01 2.020355127751827240e-02
4.431365132331848145e-01 2.127912268042564392e-02
4.545449018478393555e-01 2.064538933336734772e-02
4.650728404521942139e-01 2.031925693154335022e-02
4.710542559623718262e-01 2.089368551969528198e-02
