7.407732602069999617e-01 1.346245668739999942e-06 6.158994372500000313e-06 1.621299492840000068e-11
3.045129941070000013e-01 1.791241175540000039e-08 1.133486006869999913e-06 2.481624357209999820e-13
5.122157303879999457e-01 1.160408183589999946e-05 2.262280483709999915e-06 1.005071218580000012e-10
6.965656584599999590e-01 8.082694271179999973e-03 1.011522669989999974e-06 2.502174219580000156e-08
4.885465308190000133e-01 9.936421863089999595e-08 3.737399061500000032e-06 1.392427425629999902e-12
6.881428963760000128e-01 1.064830944940000077e-06 2.337066689160000086e-06 6.185899535260000012e-12
5.107082866879999461e-01 5.496534789269999911e-06 2.748494300350000046e-06 5.580719237160000130e-11
6.198436775079999572e-01 9.459761342019999503e-07 2.385774005840000169e-06 6.457956873730000175e-12
5.804260280830000340e-01 1.085722368069999965e-08 6.707907474310000062e-06 1.968641696329999957e-13
1.104292906640000016e+00 2.247210279669999977e-01 1.126573853920000028e-06 4.062166462460000236e-07
1.974290749829999969e-01 1.673270559659999936e-10 -4.250124135919999927e-07 1.793017109879999882e-15
4.219739999999999824e+00 1.071721298249999967e-05 2.917135262000000127e-05 7.891396821810000287e-11
2.459514942040000207e+00 1.378903388519999933e-06 4.230808713039999731e-05 2.588975231119999938e-11
2.984377852210000182e+00 1.544139834990000080e-06 3.154973128780000162e-05 1.767869419610000141e-11
1.722580000000000000e+00 4.546403917570000043e-07 4.062855546369999735e-05 1.210173579459999945e-11
3.169304106839999857e+00 1.299860317139999914e-06 5.112039953069999899e-05 2.244142622460000069e-11
4.950716791029999841e-01 9.953332033689999504e-06 3.563946337679999891e-06 1.312845972079999891e-10
9.516992249190000530e-01 7.872976561109999979e-07 1.347589443489999955e-05 1.430088550070000068e-11
1.061703587460000042e+00 2.520627164049999917e-09 1.158647426900000052e-05 3.476829981410000180e-14
4.666031395440000118e+00 1.296965609699999998e-06 2.555105254179999862e-05 7.554236131260000402e-12
3.640631804539999905e+00 2.172972544559999871e-06 3.267206382179999898e-05 2.086923428010000102e-11
2.125784673100000077e+00 2.216545689909999905e-07 3.977716158859999926e-05 4.585976521960000002e-12
3.083899999999999864e+00 2.093989958829999940e-07 4.528807809379999908e-05 3.302366196369999894e-12
1.412198695809999904e+00 3.718505156209999923e-06 2.173344468749999862e-05 6.718392305559999548e-11
8.728684199349999728e-01 1.956646810370000036e-04 3.635362583189999935e-06 1.199961027300000071e-09
6.439937647839999446e-01 3.613047184699999959e-03 7.189061202449999800e-06 6.035916434020000084e-08
3.609498030930000101e-01 6.445731374589999760e-05 2.486773403980000003e-06 1.088355614709999950e-09
2.957620487600000070e-01 7.472783895410000340e-08 1.695834577789999988e-06 1.450385949560000021e-12
6.567619999999999569e-01 9.834573737049999709e-01 5.578291773549999811e-06 1.272423698559999990e-05
3.067668803500000152e+00 6.447974288500000416e-08 4.263342781550000243e-05 9.635519053789999779e-13
3.328754816790000071e+00 8.646550809550000364e-08 3.776153975270000184e-06 1.177953266270000102e-13
7.503253063899999464e-01 2.308605095720000101e-03 2.653039488270000157e-06 1.322484453170000063e-08
7.288320064469999693e-01 1.080346606780000036e-07 6.020798501690000221e-06 1.302211139849999938e-12
4.548976078369999954e+00 8.899838161920000333e-08 7.003970705030000677e-05 1.436248061180000038e-12
3.679062766019999819e-01 1.760455456659999968e-09 1.975572881769999876e-07 7.544961749999999918e-15
1.153475606710000045e+00 8.832242742079999820e-01 -1.551969693520000029e-07 1.486164472039999898e-07
7.326348115640000103e-01 2.207369424820000009e-02 2.210347122659999899e-06 1.127153553160000053e-07
6.864688791490000108e-01 1.768359210659999953e-06 9.694464271529999299e-06 3.570705378810000278e-11
5.225737908669999543e-01 3.292611344379999753e-05 2.476897676109999925e-06 2.970596471999999834e-10
6.171742938069999518e-01 3.875181925759999621e-06 3.014063793490000010e-06 3.216682543249999729e-11
7.760060121880000272e-01 2.363464543769999885e-07 5.383070393320000402e-06 2.374766498579999870e-12
5.605262204569999573e-01 4.395190992620000387e-06 2.002884761560000174e-06 3.026719466909999804e-11
2.633164197869999779e+00 8.347445623309999909e-05 1.438242711019999974e-05 5.096971808500000010e-10
6.073939087349999877e-01 5.833785118180000180e-07 2.255304523019999958e-06 3.920671541469999806e-12
8.452184499589999733e-01 1.644884208100000035e-08 9.639299999240000724e-06 2.523978103310000207e-13
6.047213480390000173e-01 8.495448118100000356e-07 3.659290851570000031e-06 8.536069336910000522e-12
0.000000000000000000e+00 0.000000000000000000e+00 0.000000000000000000e+00 0.000000000000000000e+00
3.915703271809999886e-01 1.697478866139999915e-08 2.352168462760000158e-06 2.360002640829999883e-13
