1.570014956259999928e-01 1.273135382039999984e-05
2.290686642979999910e-01 4.162710700700000133e-06
5.737407944850000246e-02 6.758971589950000646e-05
-1.708007139150000131e-02 5.017166417630000203e-05
2.348159853569999900e-01 1.480775615200000010e-05
4.792389429450000238e-02 1.465637207440000041e-05
1.812838573159999966e-01 9.765482259779999661e-06
1.414588237140000093e-01 1.107930588520000059e-05
2.700541976149999912e-01 3.009329574939999953e-06
-1.641513571450000097e-01 1.085976473560000023e-03
0.000000000000000000e+00 0.000000000000000000e+00
-4.915440000000000254e+00 4.124717283600000000e+12
-1.945166650050000001e+00 1.617469678450000000e+12
-2.549802524239999979e+00 4.559726451990000000e+12
-1.189402568540000038e+00 1.472571035650000000e+12
-2.699504856009999898e+00 1.331251838650000000e+12
2.583275949719999742e-01 6.085593526919999666e-05
0.000000000000000000e+00 0.000000000000000000e+00
0.000000000000000000e+00 0.000000000000000000e+00
-6.811701507339999573e+00 8.491057030040000000e+12
-3.546287268689999994e+00 4.004402270100000000e+12
-9.843479790369999982e-01 4.647617204510000235e-05
-2.406075305859999958e+00 8.534154761910000000e+12
-2.862441482709999763e-01 4.671803336960000003e-05
-1.402386962040000074e-01 2.535787034280000157e-05
3.745528553670000038e-01 1.856639988430000110e-04
3.979163371139999850e-01 3.866951981079999991e-05
1.889140799829999995e-01 2.219608959069999958e-06
9.938516320369999990e-01 4.117581499279999980e-04
-2.711877138180000202e+00 2.025438409679999923e-05
-2.446095578670000048e+00 1.376041747259999911e-04
-4.229650323729999828e-02 2.244244514929999941e-05
2.186609856810000085e-01 2.255585954989999963e-05
-6.649189550850000074e+00 2.239604112849999981e-04
-9.425312528239999210e+00 2.811344257459999843e-03
-5.034246400229999807e+00 1.874724269890000114e-02
1.493347431750000065e-01 4.387472077930000162e-05
4.216624246960000155e-01 1.203085126129999916e-05
1.627827008309999934e-01 1.394304283260000056e-05
2.290172037509999869e-01 6.687360587380000482e-05
-2.369403626569999977e-01 8.308270237590000020e-06
6.243531372180000094e-02 3.843876522910000270e-05
-2.372018735190000172e+00 3.942706468419999977e-05
2.765853390919999905e-02 1.535809207370000064e-05
2.630844804460000241e-01 8.271309199599999944e-06
1.502956222740000070e-01 1.728582482259999938e-05
3.868646655800000111e+00 1.419277322850000000e+16
1.766276975440000119e-01 1.945912870160000000e+11
