0.000000000000000000e+00 0.000000000000000000e+00 0.000000000000000000e+00 0.000000000000000000e+00
4.480199999999999960e+00 3.085948778509999880e-04 6.892803952640000386e-05 7.433877495010000373e-06
0.000000000000000000e+00 0.000000000000000000e+00 0.000000000000000000e+00 0.000000000000000000e+00
5.616699999999999804e+00 1.389092412609999961e-03 8.729791036520000061e-05 9.316896928650000777e-06
0.000000000000000000e+00 0.000000000000000000e+00 0.000000000000000000e+00 0.000000000000000000e+00
5.332620000000000360e+00 3.157440654760000198e-03 8.270622110390000406e-05 8.846299083930000319e-06
0.000000000000000000e+00 0.000000000000000000e+00 0.000000000000000000e+00 0.000000000000000000e+00
4.443120000000000402e+00 1.381104098159999932e-02 6.832864969760000021e-05 7.375814492549999898e-06
5.241810000000000080e+00 1.665915881999999876e-02 8.123839889990000637e-05 8.699839150689999862e-06
4.354610000000000092e+00 5.488418411789999785e-02 6.689796950050000228e-05 7.279905326920000187e-06
5.161679999999999602e+00 5.528813450120000361e-01 7.994313018179999514e-05 1.236655657680000009e-05
4.425699999999999967e+00 4.908531095359999763e-02 6.804707490319999671e-05 7.386188006430000100e-06
4.592019999999999769e+00 1.696884885739999987e-02 7.073538083000000139e-05 7.624029104799999633e-06
4.073389999999999844e+00 4.925312038170000239e-02 6.235244762259999887e-05 6.806582438140000368e-06
4.300500000000000433e+00 1.090337243260000068e-02 6.602336349020000391e-05 7.138361673790000006e-06
4.417839999999999989e+00 3.018786486569999955e-02 6.792007220799999620e-05 7.346742975919999793e-06
4.596140000000000114e+00 2.057336032500000148e-02 7.080195743400000369e-05 7.633157086070000078e-06
5.452589999999999826e+00 1.367915312019999940e-01 8.464533598920000396e-05 9.310428836720000700e-06
5.307010000000000005e+00 1.106420368730000048e-01 8.229218676829999440e-05 8.982951244490000055e-06
4.637809999999999988e+00 3.435752045300000113e-02 7.147547712820000263e-05 7.714913625239999383e-06
3.899970000000000159e+00 2.540686326380000026e-01 5.954934368369999757e-05 7.662125399859999540e-06
4.853620000000000267e+00 7.516322139770000021e-02 7.496375051090000286e-05 8.143345241459999586e-06
6.110210000000000363e+00 6.498295728090000556e-02 9.527474786889999689e-05 1.018878562929999962e-05
6.170490000000000030e+00 2.929533124599999899e-02 9.624914171110000069e-05 1.024548805799999924e-05
5.412329999999999863e+00 1.739329782579999983e-02 8.399455315340000647e-05 8.982609781059999569e-06
4.341300000000000381e+00 1.950318535170000173e-02 6.668291735820000598e-05 7.210657048529999839e-06
4.243409999999999904e+00 1.610614748289999898e-02 6.510058617000000019e-05 7.046422596279999667e-06
4.617530000000000356e+00 2.864884561719999861e-02 7.114773495030000190e-05 7.675309839910000347e-06
4.625040000000000262e+00 2.347326997969999968e-02 7.126911123650000329e-05 7.683156824330000283e-06
6.352699999999999569e+00 2.693307228959999911e-02 9.919437413650000561e-05 1.054550538139999947e-05
5.094009999999999927e+00 2.031060177499999925e-02 7.884936397990000218e-05 8.457142308509999853e-06
4.666179999999999772e+00 6.148962384380000229e-02 7.193407570600000107e-05 7.805302304009999580e-06
4.518709999999999560e+00 2.498558477789999954e-01 6.955038202090000417e-05 8.513115335879999581e-06
6.348080000000000389e+00 3.865574038740000017e-03 9.911958914130000547e-05 1.052906157099999932e-05
5.420810000000000350e+00 3.151808403999999814e-02 8.413169879949999332e-05 9.006656145300000584e-06
6.617569999999999730e+00 4.810639571599999859e-02 1.034755858170000064e-04 1.100292462400000053e-05
