-3.941370000000000040e+00 1.344280000000000000e+07
0.000000000000000000e+00 0.000000000000000000e+00
-3.745880000000000098e+00 1.439730000000000000e+07
0.000000000000000000e+00 0.000000000000000000e+00
-5.043960000000000221e+00 8.957280000000000000e+06
0.000000000000000000e+00 0.000000000000000000e+00
-6.291260000000000296e+00 2.990220000000000000e+06
-6.009199999999999875e+00 7.468710000000000626e-02
-6.787889999999999979e+00 7.998030000000000417e-02
-5.532460000000000377e+00 7.250040000000000651e-02
-6.154040000000000177e+00 7.987120000000000331e-02
-5.647369999999999557e+00 7.335679999999999978e-02
-6.447230000000000238e+00 7.946649999999999547e-02
-4.881599999999999717e+00 6.995569999999999566e-02
-5.491150000000000198e+00 7.221779999999999866e-02
-6.168980000000000352e+00 7.862769999999999482e-02
-6.433370000000000033e+00 7.931549999999999712e-02
-7.811689999999999579e+00 8.724510000000000598e-02
-6.667320000000000135e+00 8.194890000000000507e-02
-6.628750000000000142e+00 8.062579999999999747e-02
-5.820979999999999599e+00 7.867019999999999569e-02
-6.876280000000000392e+00 8.511929999999999497e-02
-7.462019999999999875e+00 8.761639999999999706e-02
-8.347490000000000521e+00 9.366399999999999726e-02
-7.806510000000000282e+00 8.610379999999999423e-02
-5.548129999999999562e+00 7.364569999999999450e-02
-5.773780000000000356e+00 7.659140000000000392e-02
-5.948050000000000281e+00 7.662889999999999979e-02
-6.834480000000000111e+00 8.137500000000000289e-02
-9.828929999999999723e+00 1.008420000000000011e-01
-6.910420000000000229e+00 8.316389999999999894e-02
-6.350279999999999703e+00 7.839100000000000235e-02
-5.854659999999999975e+00 7.729489999999999972e-02
-1.327050000000000018e+01 9.817610000000000225e-02
-7.345880000000000187e+00 8.536570000000000269e-02
-9.040860000000000340e+00 9.186890000000000334e-02
